h 100 15 208.384
r 1 198.459569
r 2 193.761366
r 3 206.654051
r 4 206.781887
r 5 205.796476
r 6 200.751388
r 7 196.459124
r 8 200.854825
r 9 202.306990
r 10 195.124533
r 11 206.665775
r 12 193.924336
r 13 198.237744
r 14 200.475039
r 15 208.383609
t 1 31.373535
t 2 32.739418
t 3 19.791510
t 4 31.760052
t 5 13.580763
t 6 31.827843
t 7 15.269224
t 8 18.809307
t 9 34.586021
t 10 31.992215
t 11 10.155856
t 12 36.036189
t 13 46.007827
t 14 6.423896
t 15 21.875103
t 16 38.421483
t 17 43.539809
t 18 14.038332
t 19 46.798343
t 20 11.659330
t 21 26.213762
t 22 33.624453
t 23 5.323285
t 24 40.721677
t 25 49.285845
t 26 24.151325
t 27 32.943160
t 28 7.724203
t 29 42.847894
t 30 16.451889
t 31 45.733584
t 32 38.103053
t 33 22.268655
t 34 15.395578
t 35 7.119919
t 36 46.520569
t 37 14.797666
t 38 7.786003
t 39 42.741588
t 40 21.346252
t 41 34.055476
t 42 24.085390
t 43 42.294542
t 44 9.217395
t 45 37.554984
t 46 19.751635
t 47 49.644155
t 48 45.002675
t 49 6.094340
t 50 46.125029
t 51 30.677315
t 52 34.326376
t 53 39.795673
t 54 16.379359
t 55 10.805385
t 56 29.285308
t 57 37.211713
t 58 7.831617
t 59 48.334459
t 60 39.999145
t 61 42.748713
t 62 35.180572
t 63 18.970964
t 64 26.354767
t 65 20.776514
t 66 26.067945
t 67 9.225367
t 68 49.284621
t 69 22.291009
t 70 27.670643
t 71 6.311357
t 72 33.573653
t 73 26.344244
t 74 36.577960
t 75 49.946261
t 76 32.183509
t 77 10.103571
t 78 44.052109
t 79 11.575445
t 80 36.760620
t 81 37.571624
t 82 8.577351
t 83 18.611966
t 84 24.482452
t 85 5.287579
t 86 40.288223
t 87 41.548784
t 88 9.255825
t 89 27.328547
t 90 32.136709
t 91 9.589821
t 92 17.996697
t 93 38.137602
t 94 9.924790
t 95 33.374706
t 96 16.344067
t 97 45.874018
t 98 35.448728
t 99 7.490482
t 100 28.519632
h 1 18 187
h 1 25 175
h 1 34 157
h 1 40 126
h 1 48 172
h 1 65 122
h 1 69 16
h 1 86 96
h 1 92 94
h 1 100 171
h 2 24 44
h 2 25 78
h 2 39 34
h 2 40 139
h 2 47 119
h 2 69 194
h 2 77 31
h 2 86 125
h 2 91 77
h 2 100 27
h 3 4 135
h 3 8 107
h 3 19 135
h 3 27 81
h 3 35 156
h 3 53 159
h 3 78 177
h 3 79 92
h 3 84 84
h 3 88 28
h 4 3 135
h 4 8 68
h 4 19 197
h 4 35 8
h 4 50 80
h 4 53 98
h 4 62 24
h 4 78 158
h 4 96 106
h 5 26 198
h 5 43 87
h 5 65 42
h 5 71 105
h 5 92 89
h 5 93 84
h 5 99 185
h 6 9 68
h 6 11 146
h 6 16 125
h 6 32 17
h 6 63 35
h 6 66 193
h 6 74 9
h 6 75 177
h 6 80 191
h 6 94 69
h 7 10 37
h 7 21 132
h 7 29 101
h 7 32 54
h 7 36 140
h 7 37 103
h 7 41 112
h 7 70 42
h 7 76 97
h 7 83 186
h 7 89 89
h 8 3 107
h 8 4 68
h 8 19 40
h 8 35 124
h 8 50 132
h 8 53 188
h 8 62 163
h 8 78 21
h 9 6 68
h 9 11 98
h 9 63 133
h 9 66 35
h 9 74 37
h 9 75 134
h 9 80 82
h 10 7 37
h 10 12 45
h 10 29 63
h 10 36 59
h 10 37 179
h 10 41 137
h 10 51 33
h 10 56 47
h 10 70 118
h 10 76 178
h 10 87 142
h 10 89 97
h 11 6 146
h 11 9 98
h 11 13 25
h 11 16 80
h 11 63 156
h 11 66 102
h 11 74 158
h 11 75 116
h 11 80 111
h 12 10 45
h 12 38 141
h 12 51 177
h 12 82 116
h 12 87 151
h 12 90 141
h 12 96 19
h 12 97 19
h 13 11 25
h 13 63 120
h 13 74 153
h 14 73 26
h 14 77 132
h 14 91 167
h 15 16 161
h 15 21 32
h 15 55 135
h 15 59 167
h 16 6 125
h 16 11 80
h 16 15 161
h 16 59 147
h 16 66 114
h 16 75 20
h 16 80 77
h 17 24 108
h 17 29 123
h 17 33 99
h 17 39 131
h 17 47 152
h 17 56 130
h 17 64 154
h 17 70 72
h 17 89 100
h 18 1 187
h 18 25 131
h 18 34 181
h 18 40 76
h 18 48 185
h 18 65 111
h 18 78 6
h 18 86 11
h 18 92 71
h 18 100 158
h 19 3 135
h 19 4 197
h 19 8 40
h 19 50 47
h 19 53 79
h 19 78 168
h 19 96 108
h 20 28 150
h 20 33 70
h 20 42 34
h 20 52 82
h 20 54 23
h 20 57 155
h 20 58 177
h 20 60 82
h 20 67 123
h 21 7 132
h 21 15 32
h 21 32 21
h 21 36 10
h 21 64 5
h 21 83 176
h 22 44 187
h 22 72 192
h 22 90 7
h 23 31 150
h 23 46 133
h 23 51 14
h 23 85 63
h 23 97 139
h 24 2 44
h 24 17 108
h 24 25 29
h 24 29 28
h 24 34 43
h 24 40 115
h 24 47 120
h 24 56 118
h 24 69 54
h 24 70 56
h 24 89 34
h 24 100 106
h 25 1 175
h 25 2 78
h 25 18 131
h 25 24 29
h 25 34 106
h 25 40 179
h 25 48 99
h 25 65 56
h 25 69 124
h 25 86 167
h 25 92 36
h 25 100 172
h 26 5 198
h 26 43 57
h 26 65 9
h 26 71 93
h 26 92 62
h 26 93 72
h 26 99 178
h 27 3 81
h 27 35 135
h 27 53 14
h 27 78 12
h 27 79 175
h 27 84 134
h 27 88 194
h 28 20 150
h 28 42 99
h 28 54 160
h 28 57 189
h 28 58 88
h 28 60 99
h 28 73 12
h 29 7 101
h 29 10 63
h 29 17 123
h 29 24 28
h 29 37 44
h 29 56 178
h 29 64 90
h 29 70 179
h 29 76 149
h 29 83 77
h 29 89 196
h 30 32 185
h 30 36 116
h 30 41 41
h 30 66 52
h 30 75 15
h 30 80 47
h 30 85 127
h 30 94 189
h 31 23 150
h 31 46 142
h 31 51 44
h 31 82 96
h 31 97 188
h 32 6 17
h 32 7 54
h 32 21 21
h 32 30 185
h 32 36 140
h 32 41 57
h 32 66 79
h 32 75 10
h 32 80 60
h 32 83 30
h 32 85 47
h 32 94 183
h 33 17 99
h 33 20 70
h 33 39 151
h 33 47 56
h 33 52 171
h 33 58 39
h 33 64 166
h 33 67 162
h 34 1 157
h 34 18 181
h 34 24 43
h 34 25 106
h 34 40 85
h 34 48 136
h 34 65 11
h 34 100 171
h 35 3 156
h 35 4 8
h 35 8 124
h 35 27 135
h 35 53 165
h 35 78 73
h 35 79 87
h 35 84 38
h 35 88 111
h 36 7 140
h 36 10 59
h 36 21 10
h 36 30 116
h 36 32 140
h 36 37 146
h 36 41 181
h 36 76 52
h 36 83 86
h 36 94 71
h 37 7 103
h 37 10 179
h 37 29 44
h 37 36 146
h 37 41 188
h 37 70 70
h 37 76 159
h 37 83 18
h 37 87 63
h 37 89 69
h 38 12 141
h 38 44 77
h 38 50 21
h 38 51 66
h 38 82 73
h 38 87 62
h 38 90 143
h 38 96 78
h 39 2 34
h 39 17 131
h 39 33 151
h 39 47 165
h 39 52 48
h 39 64 110
h 39 67 41
h 40 1 126
h 40 2 139
h 40 18 76
h 40 24 115
h 40 25 179
h 40 34 85
h 40 47 50
h 40 48 10
h 40 69 166
h 40 86 149
h 40 100 171
h 41 7 112
h 41 10 137
h 41 30 41
h 41 32 57
h 41 36 181
h 41 37 188
h 41 76 112
h 41 83 33
h 41 89 7
h 42 20 34
h 42 28 99
h 42 49 82
h 42 54 100
h 42 57 26
h 42 58 44
h 42 60 188
h 42 68 11
h 43 5 87
h 43 26 57
h 43 48 93
h 43 65 167
h 43 71 91
h 43 79 57
h 43 84 107
h 43 92 169
h 43 93 68
h 43 99 122
h 44 22 187
h 44 38 77
h 44 50 32
h 44 72 178
h 44 82 7
h 44 90 76
h 45 55 105
h 45 58 91
h 45 60 19
h 45 67 7
h 45 68 163
h 46 23 133
h 46 31 142
h 46 97 83
h 47 2 119
h 47 17 152
h 47 24 120
h 47 33 56
h 47 39 165
h 47 40 50
h 47 56 20
h 47 64 57
h 47 69 92
h 48 1 172
h 48 18 185
h 48 25 99
h 48 34 136
h 48 40 10
h 48 43 93
h 48 65 163
h 48 78 18
h 48 84 56
h 48 92 133
h 48 100 103
h 49 42 82
h 49 54 126
h 49 73 44
h 49 81 93
h 49 95 75
h 50 4 80
h 50 8 132
h 50 19 47
h 50 38 21
h 50 44 32
h 50 53 91
h 50 62 183
h 51 10 33
h 51 12 177
h 51 23 14
h 51 31 44
h 51 38 66
h 51 82 147
h 51 87 97
h 51 90 135
h 51 97 117
h 52 20 82
h 52 33 171
h 52 39 48
h 52 58 100
h 52 64 130
h 52 67 195
h 53 3 159
h 53 4 98
h 53 8 188
h 53 19 79
h 53 27 14
h 53 35 165
h 53 50 91
h 53 62 116
h 53 78 89
h 54 20 23
h 54 28 160
h 54 42 100
h 54 49 126
h 54 57 127
h 54 60 59
h 54 73 119
h 55 15 135
h 55 45 105
h 55 59 107
h 56 10 47
h 56 17 130
h 56 24 118
h 56 29 178
h 56 47 20
h 56 64 37
h 56 70 188
h 56 76 130
h 56 89 184
h 57 20 155
h 57 28 189
h 57 42 26
h 57 54 127
h 57 58 76
h 57 60 35
h 58 20 177
h 58 28 88
h 58 33 39
h 58 42 44
h 58 45 91
h 58 52 100
h 58 57 76
h 58 60 108
h 58 67 139
h 58 68 33
h 59 15 167
h 59 16 147
h 59 55 107
h 60 20 82
h 60 28 99
h 60 42 188
h 60 45 19
h 60 54 59
h 60 57 35
h 60 58 108
h 60 68 76
h 61 77 124
h 61 86 64
h 61 91 58
h 62 4 24
h 62 8 163
h 62 50 183
h 62 53 116
h 63 6 35
h 63 9 133
h 63 11 156
h 63 13 120
h 63 74 175
h 63 75 45
h 64 17 154
h 64 21 5
h 64 29 90
h 64 33 166
h 64 39 110
h 64 47 57
h 64 52 130
h 64 56 37
h 64 67 95
h 64 83 39
h 64 89 49
h 65 1 122
h 65 5 42
h 65 18 111
h 65 25 56
h 65 26 9
h 65 34 11
h 65 43 167
h 65 48 163
h 65 84 48
h 65 92 195
h 65 99 44
h 66 6 193
h 66 9 35
h 66 11 102
h 66 16 114
h 66 30 52
h 66 32 79
h 66 75 174
h 66 80 195
h 66 94 118
h 67 20 123
h 67 33 162
h 67 39 41
h 67 45 7
h 67 52 195
h 67 58 139
h 67 64 95
h 68 42 11
h 68 45 163
h 68 58 33
h 68 60 76
h 69 1 16
h 69 2 194
h 69 24 54
h 69 25 124
h 69 40 166
h 69 47 92
h 69 77 14
h 69 86 157
h 69 91 49
h 69 100 75
h 70 7 42
h 70 10 118
h 70 17 72
h 70 24 56
h 70 29 179
h 70 37 70
h 70 56 188
h 70 76 174
h 70 87 29
h 70 89 192
h 71 5 105
h 71 26 93
h 71 43 91
h 71 93 198
h 71 99 164
h 72 22 192
h 72 44 178
h 72 90 34
h 73 14 26
h 73 28 12
h 73 49 44
h 73 54 119
h 73 81 64
h 73 95 85
h 74 6 9
h 74 9 37
h 74 11 158
h 74 13 153
h 74 63 175
h 75 6 177
h 75 9 134
h 75 11 116
h 75 16 20
h 75 30 15
h 75 32 10
h 75 63 45
h 75 66 174
h 75 80 191
h 75 94 89
h 76 7 97
h 76 10 178
h 76 29 149
h 76 36 52
h 76 37 159
h 76 41 112
h 76 56 130
h 76 70 174
h 76 83 28
h 76 87 80
h 76 89 168
h 77 2 31
h 77 14 132
h 77 61 124
h 77 69 14
h 77 86 5
h 77 91 186
h 78 3 177
h 78 4 158
h 78 8 21
h 78 18 6
h 78 19 168
h 78 27 12
h 78 35 73
h 78 48 18
h 78 53 89
h 78 79 69
h 78 84 92
h 79 3 92
h 79 27 175
h 79 35 87
h 79 43 57
h 79 78 69
h 79 84 189
h 79 88 153
h 80 6 191
h 80 9 82
h 80 11 111
h 80 16 77
h 80 30 47
h 80 32 60
h 80 66 195
h 80 75 191
h 80 94 116
h 81 49 93
h 81 73 64
h 81 95 197
h 82 12 116
h 82 31 96
h 82 38 73
h 82 44 7
h 82 51 147
h 82 90 185
h 82 97 144
h 83 7 186
h 83 21 176
h 83 29 77
h 83 32 30
h 83 36 86
h 83 37 18
h 83 41 33
h 83 64 39
h 83 76 28
h 83 89 52
h 84 3 84
h 84 27 134
h 84 35 38
h 84 43 107
h 84 48 56
h 84 65 48
h 84 78 92
h 84 79 189
h 84 88 99
h 84 92 16
h 85 23 63
h 85 30 127
h 85 32 47
h 85 94 91
h 85 98 121
h 86 1 96
h 86 2 125
h 86 18 11
h 86 25 167
h 86 40 149
h 86 61 64
h 86 69 157
h 86 77 5
h 86 100 86
h 87 10 142
h 87 12 151
h 87 37 63
h 87 38 62
h 87 51 97
h 87 70 29
h 87 76 80
h 87 96 87
h 88 3 28
h 88 27 194
h 88 35 111
h 88 79 153
h 88 84 99
h 89 7 89
h 89 10 97
h 89 17 100
h 89 24 34
h 89 29 196
h 89 37 69
h 89 41 7
h 89 56 184
h 89 64 49
h 89 70 192
h 89 76 168
h 89 83 52
h 90 12 141
h 90 22 7
h 90 38 143
h 90 44 76
h 90 51 135
h 90 72 34
h 90 82 185
h 90 97 75
h 91 2 77
h 91 14 167
h 91 61 58
h 91 69 49
h 91 77 186
h 92 1 94
h 92 5 89
h 92 18 71
h 92 25 36
h 92 26 62
h 92 43 169
h 92 48 133
h 92 65 195
h 92 84 16
h 92 99 84
h 93 5 84
h 93 26 72
h 93 43 68
h 93 71 198
h 93 99 149
h 94 6 69
h 94 30 189
h 94 32 183
h 94 36 71
h 94 66 118
h 94 75 89
h 94 80 116
h 94 85 91
h 95 49 75
h 95 73 85
h 95 81 197
h 96 4 106
h 96 12 19
h 96 19 108
h 96 38 78
h 96 87 87
h 97 12 19
h 97 23 139
h 97 31 188
h 97 46 83
h 97 51 117
h 97 82 144
h 97 90 75
h 98 85 121
h 99 5 185
h 99 26 178
h 99 43 122
h 99 65 44
h 99 71 164
h 99 92 84
h 99 93 149
h 100 1 171
h 100 2 27
h 100 18 158
h 100 24 106
h 100 25 172
h 100 34 171
h 100 40 171
h 100 48 103
h 100 69 75
h 100 86 86
