h 100 25 118.035
r 1 118.034648
r 2 110.448072
r 3 110.127139
r 4 111.144653
r 5 116.685962
r 6 114.586385
r 7 115.296544
r 8 117.632551
r 9 109.101166
r 10 110.168589
r 11 110.092656
r 12 111.492346
r 13 114.447049
r 14 111.164011
r 15 114.741150
r 16 109.313258
r 17 116.916867
r 18 117.826478
r 19 113.470599
r 20 114.402635
r 21 109.754633
r 22 115.709400
r 23 116.012115
r 24 112.437274
r 25 114.188040
t 1 18.598268
t 2 7.175851
t 3 44.445235
t 4 35.996603
t 5 38.580727
t 6 42.754430
t 7 21.734056
t 8 47.446394
t 9 17.835295
t 10 5.712631
t 11 18.912260
t 12 17.802384
t 13 27.615542
t 14 15.971727
t 15 16.429125
t 16 35.147499
t 17 18.732354
t 18 28.253516
t 19 45.823596
t 20 18.098201
t 21 5.838859
t 22 48.406290
t 23 46.853594
t 24 38.396812
t 25 5.625441
t 26 21.766931
t 27 28.399236
t 28 24.755196
t 29 17.905808
t 30 20.370861
t 31 28.864393
t 32 38.523865
t 33 30.437253
t 34 10.206192
t 35 49.178658
t 36 9.206432
t 37 36.527208
t 38 12.114684
t 39 42.104353
t 40 40.675693
t 41 16.388091
t 42 16.953643
t 43 9.227673
t 44 47.742922
t 45 12.716031
t 46 15.272363
t 47 42.578153
t 48 7.394165
t 49 32.816146
t 50 28.027677
t 51 16.604366
t 52 24.818151
t 53 7.993079
t 54 14.960159
t 55 33.849325
t 56 9.969924
t 57 24.938907
t 58 36.331318
t 59 36.593168
t 60 16.775157
t 61 47.745360
t 62 11.416443
t 63 34.830089
t 64 20.892507
t 65 25.736342
t 66 33.139234
t 67 48.076602
t 68 9.090996
t 69 28.830213
t 70 24.747120
t 71 7.559120
t 72 9.094931
t 73 42.668835
t 74 9.988739
t 75 21.359839
t 76 24.904778
t 77 8.250303
t 78 21.876851
t 79 6.436681
t 80 48.604485
t 81 40.870415
t 82 12.903009
t 83 11.086265
t 84 20.554464
t 85 8.955256
t 86 29.789109
t 87 34.455531
t 88 43.493690
t 89 49.799150
t 90 47.506529
t 91 43.054647
t 92 39.554785
t 93 32.397340
t 94 19.813786
t 95 14.324628
t 96 13.960922
t 97 37.333475
t 98 31.353272
t 99 26.373537
t 100 13.216832
h 1 29 62
h 1 31 167
h 1 60 176
h 1 63 165
h 1 66 30
h 1 71 24
h 1 81 114
h 1 94 142
h 2 9 84
h 2 13 137
h 2 19 114
h 2 23 178
h 2 27 8
h 2 40 151
h 2 83 34
h 2 88 121
h 2 92 41
h 3 10 9
h 3 21 165
h 3 25 155
h 3 68 118
h 3 80 188
h 3 100 14
h 4 48 60
h 4 55 127
h 4 69 77
h 5 7 178
h 5 37 163
h 5 43 8
h 5 74 83
h 5 75 18
h 5 86 163
h 5 87 196
h 6 26 181
h 6 34 168
h 6 35 88
h 6 59 88
h 6 67 57
h 6 70 33
h 6 93 45
h 7 5 178
h 7 37 194
h 7 43 66
h 7 75 60
h 7 86 143
h 7 87 188
h 8 46 50
h 8 50 36
h 8 74 121
h 8 100 166
h 9 2 84
h 9 22 53
h 9 27 181
h 9 92 126
h 10 3 9
h 10 21 60
h 10 25 140
h 10 47 139
h 10 48 13
h 10 53 125
h 10 68 101
h 10 80 82
h 10 90 53
h 11 38 29
h 11 41 168
h 11 51 142
h 11 58 182
h 11 62 130
h 11 72 32
h 11 77 149
h 12 14 164
h 12 24 106
h 12 78 186
h 12 89 120
h 13 2 137
h 13 18 49
h 13 19 161
h 13 20 150
h 13 23 144
h 13 40 100
h 13 83 163
h 13 88 183
h 14 12 164
h 14 24 95
h 14 70 10
h 14 78 160
h 14 89 151
h 14 96 18
h 15 16 167
h 15 32 194
h 15 39 81
h 15 45 55
h 15 57 87
h 15 65 129
h 15 71 60
h 15 73 155
h 15 79 85
h 15 98 42
h 16 15 167
h 16 32 162
h 16 45 33
h 16 54 34
h 16 65 173
h 16 71 112
h 16 73 92
h 16 98 97
h 17 18 192
h 17 19 117
h 17 20 11
h 17 36 122
h 17 52 112
h 17 76 175
h 17 88 83
h 18 13 49
h 18 17 192
h 18 19 152
h 18 20 79
h 18 36 73
h 18 52 86
h 18 76 157
h 18 88 130
h 19 2 114
h 19 13 161
h 19 17 117
h 19 18 152
h 19 20 120
h 19 23 65
h 19 76 107
h 19 83 62
h 19 88 194
h 19 92 14
h 20 13 150
h 20 17 11
h 20 18 79
h 20 19 120
h 20 83 154
h 20 88 148
h 21 3 165
h 21 10 60
h 21 25 141
h 21 46 73
h 21 50 90
h 21 53 38
h 21 68 188
h 21 80 188
h 21 100 122
h 22 9 53
h 22 31 25
h 22 71 11
h 22 76 32
h 22 81 19
h 22 84 149
h 22 92 175
h 23 2 178
h 23 13 144
h 23 19 65
h 23 40 191
h 23 83 93
h 23 88 92
h 24 12 106
h 24 14 95
h 24 67 7
h 24 70 181
h 24 78 163
h 24 89 181
h 24 96 151
h 25 3 155
h 25 10 140
h 25 21 141
h 25 53 9
h 25 68 129
h 25 80 176
h 25 91 37
h 26 6 181
h 26 34 152
h 26 59 107
h 26 65 18
h 26 67 70
h 26 93 80
h 26 98 92
h 27 2 8
h 27 9 181
h 27 81 12
h 27 92 44
h 28 44 142
h 28 49 96
h 28 82 29
h 28 95 193
h 28 99 112
h 29 1 62
h 29 33 159
h 29 39 9
h 29 60 19
h 29 63 94
h 29 64 31
h 29 79 159
h 30 43 68
h 30 56 152
h 30 61 91
h 30 75 21
h 31 1 167
h 31 22 25
h 31 60 159
h 31 63 106
h 31 66 88
h 31 81 186
h 31 94 184
h 32 15 194
h 32 16 162
h 32 39 87
h 32 45 105
h 32 57 121
h 32 65 147
h 32 71 13
h 32 73 178
h 32 79 57
h 32 91 60
h 32 97 22
h 32 98 83
h 33 29 159
h 33 39 100
h 33 61 87
h 33 79 173
h 33 97 13
h 34 6 168
h 34 26 152
h 34 35 71
h 34 59 167
h 34 93 138
h 35 6 88
h 35 34 71
h 35 70 74
h 35 96 114
h 36 17 122
h 36 18 73
h 36 52 166
h 36 67 28
h 36 76 86
h 36 85 87
h 37 5 163
h 37 7 194
h 37 43 113
h 37 56 19
h 37 75 107
h 37 86 154
h 37 87 180
h 38 11 29
h 38 41 117
h 38 51 50
h 38 58 56
h 38 62 160
h 38 72 156
h 39 15 81
h 39 29 9
h 39 32 87
h 39 33 100
h 39 57 141
h 39 73 122
h 39 79 143
h 39 97 177
h 40 2 151
h 40 13 100
h 40 23 191
h 40 83 63
h 40 88 27
h 41 11 168
h 41 38 117
h 41 51 92
h 41 58 191
h 41 62 147
h 41 72 62
h 41 77 59
h 42 49 95
h 42 64 98
h 42 82 171
h 42 95 33
h 43 5 8
h 43 7 66
h 43 30 68
h 43 37 113
h 43 56 160
h 43 75 196
h 43 86 104
h 43 87 53
h 43 97 54
h 44 28 142
h 44 49 24
h 44 95 110
h 44 99 150
h 45 15 55
h 45 16 33
h 45 32 105
h 45 57 137
h 45 65 119
h 45 73 152
h 45 91 193
h 45 93 48
h 45 98 151
h 46 8 50
h 46 21 73
h 46 50 198
h 46 53 122
h 46 68 126
h 46 100 135
h 47 10 139
h 47 48 164
h 47 53 49
h 47 55 134
h 47 59 13
h 47 69 121
h 47 90 113
h 47 93 24
h 48 4 60
h 48 10 13
h 48 47 164
h 48 55 175
h 48 59 23
h 48 69 122
h 48 90 55
h 48 93 9
h 49 28 96
h 49 42 95
h 49 44 24
h 49 61 25
h 49 64 154
h 49 82 172
h 49 95 129
h 49 99 136
h 50 8 36
h 50 21 90
h 50 46 198
h 50 53 136
h 50 68 141
h 50 80 18
h 50 100 133
h 51 11 142
h 51 38 50
h 51 41 92
h 51 58 83
h 51 62 164
h 51 72 131
h 51 77 181
h 52 17 112
h 52 18 86
h 52 36 166
h 52 76 23
h 53 10 125
h 53 21 38
h 53 25 9
h 53 46 122
h 53 47 49
h 53 50 136
h 53 68 113
h 53 69 16
h 53 90 122
h 54 16 34
h 54 67 33
h 54 71 96
h 54 84 140
h 54 85 90
h 55 4 127
h 55 47 134
h 55 48 175
h 55 69 177
h 55 90 113
h 56 30 152
h 56 37 19
h 56 43 160
h 56 61 98
h 56 75 137
h 56 97 5
h 57 15 87
h 57 32 121
h 57 39 141
h 57 45 137
h 57 65 21
h 57 73 181
h 57 91 138
h 57 97 155
h 57 98 7
h 58 11 182
h 58 38 56
h 58 41 191
h 58 51 83
h 58 62 114
h 58 72 6
h 58 77 74
h 59 6 88
h 59 26 107
h 59 34 167
h 59 47 13
h 59 48 23
h 59 93 195
h 59 98 62
h 60 1 176
h 60 29 19
h 60 31 159
h 60 63 186
h 60 66 124
h 60 81 128
h 60 94 171
h 61 30 91
h 61 33 87
h 61 49 25
h 61 56 98
h 61 99 105
h 62 11 130
h 62 38 160
h 62 41 147
h 62 51 164
h 62 58 114
h 62 72 177
h 62 77 104
h 63 1 165
h 63 29 94
h 63 31 106
h 63 60 186
h 63 64 68
h 63 66 71
h 63 81 52
h 63 94 119
h 64 29 31
h 64 42 98
h 64 49 154
h 64 63 68
h 64 82 167
h 64 99 18
h 65 15 129
h 65 16 173
h 65 26 18
h 65 32 147
h 65 45 119
h 65 57 21
h 65 73 111
h 65 91 66
h 65 98 175
h 66 1 30
h 66 31 88
h 66 60 124
h 66 63 71
h 66 81 118
h 66 94 156
h 67 6 57
h 67 24 7
h 67 26 70
h 67 36 28
h 67 54 33
h 67 70 34
h 67 85 189
h 68 3 118
h 68 10 101
h 68 21 188
h 68 25 129
h 68 46 126
h 68 50 141
h 68 53 113
h 68 80 165
h 68 100 122
h 69 4 77
h 69 47 121
h 69 48 122
h 69 53 16
h 69 55 177
h 69 90 174
h 70 6 33
h 70 14 10
h 70 24 181
h 70 35 74
h 70 67 34
h 70 78 92
h 70 89 152
h 70 96 180
h 71 1 24
h 71 15 60
h 71 16 112
h 71 22 11
h 71 32 13
h 71 54 96
h 71 84 64
h 72 11 32
h 72 38 156
h 72 41 62
h 72 51 131
h 72 58 6
h 72 62 177
h 72 77 40
h 73 15 155
h 73 16 92
h 73 32 178
h 73 39 122
h 73 45 152
h 73 57 181
h 73 65 111
h 73 79 29
h 73 91 132
h 73 97 101
h 73 98 79
h 74 5 83
h 74 8 121
h 74 86 46
h 74 87 51
h 74 100 66
h 75 5 18
h 75 7 60
h 75 30 21
h 75 37 107
h 75 43 196
h 75 56 137
h 75 86 123
h 75 87 60
h 75 97 78
h 76 17 175
h 76 18 157
h 76 19 107
h 76 22 32
h 76 36 86
h 76 52 23
h 76 84 104
h 76 88 59
h 76 92 63
h 77 11 149
h 77 41 59
h 77 51 181
h 77 58 74
h 77 62 104
h 77 72 40
h 78 12 186
h 78 14 160
h 78 24 163
h 78 70 92
h 78 89 165
h 78 96 54
h 79 15 85
h 79 29 159
h 79 32 57
h 79 33 173
h 79 39 143
h 79 73 29
h 79 97 53
h 80 3 188
h 80 10 82
h 80 21 188
h 80 25 176
h 80 50 18
h 80 68 165
h 80 100 51
h 81 1 114
h 81 22 19
h 81 27 12
h 81 31 186
h 81 60 128
h 81 63 52
h 81 66 118
h 81 94 187
h 82 28 29
h 82 42 171
h 82 49 172
h 82 64 167
h 82 95 85
h 82 99 26
h 83 2 34
h 83 13 163
h 83 19 62
h 83 20 154
h 83 23 93
h 83 40 63
h 83 88 110
h 84 22 149
h 84 54 140
h 84 71 64
h 84 76 104
h 84 92 98
h 85 36 87
h 85 54 90
h 85 67 189
h 86 5 163
h 86 7 143
h 86 37 154
h 86 43 104
h 86 74 46
h 86 75 123
h 86 87 174
h 87 5 196
h 87 7 188
h 87 37 180
h 87 43 53
h 87 74 51
h 87 75 60
h 87 86 174
h 88 2 121
h 88 13 183
h 88 17 83
h 88 18 130
h 88 19 194
h 88 20 148
h 88 23 92
h 88 40 27
h 88 76 59
h 88 83 110
h 89 12 120
h 89 14 151
h 89 24 181
h 89 70 152
h 89 78 165
h 89 96 154
h 90 10 53
h 90 47 113
h 90 48 55
h 90 53 122
h 90 55 113
h 90 69 174
h 91 25 37
h 91 32 60
h 91 45 193
h 91 57 138
h 91 65 66
h 91 73 132
h 91 93 51
h 91 98 115
h 92 2 41
h 92 9 126
h 92 19 14
h 92 22 175
h 92 27 44
h 92 76 63
h 92 84 98
h 93 6 45
h 93 26 80
h 93 34 138
h 93 45 48
h 93 47 24
h 93 48 9
h 93 59 195
h 93 91 51
h 93 98 80
h 94 1 142
h 94 31 184
h 94 60 171
h 94 63 119
h 94 66 156
h 94 81 187
h 95 28 193
h 95 42 33
h 95 44 110
h 95 49 129
h 95 82 85
h 95 99 109
h 96 14 18
h 96 24 151
h 96 35 114
h 96 70 180
h 96 78 54
h 96 89 154
h 97 32 22
h 97 33 13
h 97 39 177
h 97 43 54
h 97 56 5
h 97 57 155
h 97 73 101
h 97 75 78
h 97 79 53
h 98 15 42
h 98 16 97
h 98 26 92
h 98 32 83
h 98 45 151
h 98 57 7
h 98 59 62
h 98 65 175
h 98 73 79
h 98 91 115
h 98 93 80
h 99 28 112
h 99 44 150
h 99 49 136
h 99 61 105
h 99 64 18
h 99 82 26
h 99 95 109
h 100 3 14
h 100 8 166
h 100 21 122
h 100 46 135
h 100 50 133
h 100 68 122
h 100 74 66
h 100 80 51
