h 100 25 129.314
r 1 122.412222
r 2 125.154560
r 3 124.241211
r 4 127.220876
r 5 122.396940
r 6 119.434336
r 7 126.251776
r 8 128.415290
r 9 124.152765
r 10 129.100072
r 11 119.711735
r 12 123.730789
r 13 119.212076
r 14 128.815501
r 15 120.761832
r 16 120.996181
r 17 118.513913
r 18 120.745498
r 19 129.313637
r 20 123.560512
r 21 120.789594
r 22 120.289009
r 23 123.040463
r 24 119.628641
r 25 118.256248
t 1 46.623900
t 2 21.059077
t 3 46.619161
t 4 16.688991
t 5 21.908140
t 6 13.847621
t 7 16.849207
t 8 27.924765
t 9 24.902412
t 10 6.379864
t 11 36.422466
t 12 28.666272
t 13 33.812852
t 14 49.791003
t 15 30.728107
t 16 24.558638
t 17 16.855931
t 18 45.478758
t 19 10.666748
t 20 30.232255
t 21 12.160431
t 22 33.768548
t 23 21.903036
t 24 8.396063
t 25 15.709806
t 26 39.884155
t 27 39.990165
t 28 39.096735
t 29 6.564119
t 30 41.156641
t 31 47.834585
t 32 47.495291
t 33 19.294404
t 34 43.878018
t 35 47.879266
t 36 8.878559
t 37 23.631603
t 38 23.187601
t 39 43.674468
t 40 42.908850
t 41 26.014444
t 42 12.834605
t 43 34.733218
t 44 29.240267
t 45 12.324384
t 46 47.553945
t 47 29.122131
t 48 27.505882
t 49 14.680390
t 50 8.489359
t 51 14.238199
t 52 44.030514
t 53 20.034068
t 54 14.224115
t 55 38.438353
t 56 21.038627
t 57 38.855005
t 58 49.789163
t 59 35.371677
t 60 12.448167
t 61 24.286045
t 62 13.650007
t 63 24.344694
t 64 23.862604
t 65 16.933374
t 66 25.337499
t 67 42.558907
t 68 27.180976
t 69 43.575750
t 70 27.175922
t 71 10.876408
t 72 40.023492
t 73 29.991145
t 74 24.029942
t 75 32.485346
t 76 44.979202
t 77 9.248289
t 78 34.905734
t 79 42.937053
t 80 46.345212
t 81 38.145066
t 82 32.943399
t 83 21.082343
t 84 17.773040
t 85 13.929745
t 86 38.912102
t 87 36.347510
t 88 32.072203
t 89 16.132892
t 90 9.332659
t 91 35.915992
t 92 44.641258
t 93 23.153781
t 94 23.870258
t 95 33.353170
t 96 12.431268
t 97 25.931833
t 98 33.440083
t 99 25.470830
t 100 23.546103
h 1 2 72
h 1 49 95
h 1 61 126
h 2 1 72
h 2 9 25
h 2 36 180
h 2 49 63
h 2 61 178
h 2 73 7
h 2 86 139
h 2 98 186
h 2 100 90
h 3 13 114
h 3 22 107
h 3 48 98
h 3 54 41
h 3 57 36
h 3 85 195
h 3 93 84
h 4 20 104
h 4 26 160
h 4 28 148
h 4 56 185
h 4 69 41
h 4 75 194
h 5 11 53
h 5 54 91
h 5 67 139
h 5 68 192
h 5 78 133
h 5 79 22
h 5 94 103
h 6 31 168
h 6 35 88
h 6 37 197
h 6 39 27
h 7 12 82
h 7 16 93
h 7 17 187
h 7 19 26
h 7 50 8
h 7 74 176
h 8 24 19
h 8 34 140
h 8 69 24
h 8 82 168
h 8 83 103
h 9 2 25
h 9 14 7
h 9 30 182
h 9 49 168
h 9 70 23
h 9 80 25
h 9 87 36
h 9 90 14
h 10 45 170
h 10 80 114
h 10 87 108
h 10 90 50
h 10 91 142
h 11 5 53
h 11 41 143
h 11 67 17
h 11 68 87
h 11 78 136
h 11 79 76
h 12 7 82
h 12 16 113
h 12 17 133
h 12 19 192
h 12 45 81
h 12 74 82
h 13 3 114
h 13 22 176
h 13 48 182
h 13 54 102
h 13 57 120
h 13 67 93
h 13 79 42
h 13 85 115
h 13 93 8
h 13 94 131
h 14 9 7
h 14 16 56
h 14 30 19
h 14 70 194
h 14 80 77
h 14 87 107
h 14 90 185
h 14 91 134
h 15 33 120
h 15 40 70
h 15 46 112
h 15 61 75
h 15 62 196
h 15 64 114
h 15 73 160
h 15 88 176
h 15 89 178
h 15 92 51
h 15 99 157
h 16 7 93
h 16 12 113
h 16 14 56
h 16 17 84
h 16 19 62
h 16 70 30
h 16 74 160
h 16 82 7
h 16 90 24
h 16 91 13
h 17 7 187
h 17 12 133
h 17 16 84
h 17 19 95
h 17 74 150
h 18 32 187
h 18 53 28
h 18 59 71
h 18 60 155
h 18 63 188
h 18 66 171
h 18 76 61
h 18 95 6
h 19 7 26
h 19 12 192
h 19 16 62
h 19 17 95
h 19 45 105
h 19 74 17
h 20 4 104
h 20 27 149
h 20 28 148
h 20 56 44
h 20 58 151
h 20 75 112
h 20 97 83
h 21 25 197
h 21 35 100
h 21 39 145
h 21 55 111
h 21 84 112
h 22 3 107
h 22 13 176
h 22 48 199
h 22 57 181
h 22 72 55
h 22 85 86
h 22 93 102
h 22 94 36
h 22 96 25
h 23 24 33
h 23 50 188
h 23 83 42
h 24 8 19
h 24 23 33
h 24 32 38
h 24 34 145
h 24 43 31
h 24 50 25
h 24 60 18
h 24 76 82
h 24 83 186
h 25 21 197
h 25 35 71
h 25 39 123
h 25 55 80
h 25 84 89
h 26 4 160
h 26 28 124
h 26 29 6
h 26 56 193
h 26 60 108
h 26 75 128
h 27 20 149
h 27 28 12
h 27 40 10
h 27 58 199
h 27 65 45
h 27 100 108
h 28 4 148
h 28 20 148
h 28 26 124
h 28 27 12
h 28 29 19
h 28 56 142
h 28 58 18
h 28 75 126
h 28 97 147
h 29 26 6
h 29 28 19
h 29 72 68
h 29 81 176
h 29 96 34
h 29 97 69
h 30 9 182
h 30 14 19
h 30 49 137
h 30 70 15
h 30 80 106
h 30 87 107
h 30 90 54
h 31 6 168
h 31 33 81
h 31 35 141
h 31 37 152
h 31 39 96
h 31 55 67
h 31 89 11
h 31 99 30
h 32 18 187
h 32 24 38
h 32 44 35
h 32 59 51
h 32 60 142
h 32 63 190
h 32 66 150
h 32 76 130
h 32 95 21
h 33 15 120
h 33 31 81
h 33 40 139
h 33 46 145
h 33 55 72
h 33 62 147
h 33 64 188
h 33 73 126
h 33 88 104
h 33 89 181
h 33 92 160
h 33 99 108
h 34 8 140
h 34 24 145
h 34 60 80
h 34 82 29
h 34 83 176
h 35 6 88
h 35 21 100
h 35 25 71
h 35 31 141
h 35 37 51
h 35 39 193
h 35 55 143
h 35 84 53
h 36 2 180
h 36 61 127
h 36 86 187
h 36 98 196
h 36 100 142
h 37 6 197
h 37 31 152
h 37 35 51
h 37 52 31
h 38 42 43
h 38 44 196
h 38 59 85
h 38 63 34
h 38 66 20
h 38 71 43
h 38 76 83
h 38 95 168
h 39 6 27
h 39 21 145
h 39 25 123
h 39 31 96
h 39 35 193
h 39 55 154
h 39 84 88
h 40 15 70
h 40 27 10
h 40 33 139
h 40 46 195
h 40 55 5
h 40 58 6
h 40 62 110
h 40 64 180
h 40 65 65
h 40 73 162
h 40 89 131
h 40 92 191
h 40 100 51
h 41 11 143
h 41 47 51
h 41 78 59
h 41 79 73
h 42 38 43
h 42 71 180
h 43 24 31
h 43 76 85
h 44 32 35
h 44 38 196
h 44 59 120
h 44 63 79
h 44 66 70
h 44 76 97
h 44 95 182
h 45 10 170
h 45 12 81
h 45 19 105
h 45 80 25
h 45 87 30
h 45 90 24
h 45 91 120
h 46 15 112
h 46 33 145
h 46 40 195
h 46 62 143
h 46 64 182
h 46 65 11
h 46 73 184
h 46 88 27
h 46 89 153
h 46 92 180
h 46 100 70
h 47 41 51
h 47 77 191
h 47 79 88
h 48 3 98
h 48 13 182
h 48 22 199
h 48 57 177
h 48 72 43
h 48 85 79
h 48 93 81
h 48 94 57
h 48 96 8
h 49 1 95
h 49 2 63
h 49 9 168
h 49 30 137
h 49 61 29
h 50 7 8
h 50 23 188
h 50 24 25
h 50 83 58
h 51 53 127
h 51 59 30
h 52 37 31
h 53 18 28
h 53 51 127
h 53 59 103
h 53 63 15
h 53 66 108
h 53 96 17
h 54 3 41
h 54 5 91
h 54 13 102
h 54 67 150
h 54 68 99
h 54 78 42
h 54 85 83
h 54 94 152
h 55 21 111
h 55 25 80
h 55 31 67
h 55 33 72
h 55 35 143
h 55 39 154
h 55 40 5
h 55 64 56
h 55 84 173
h 55 92 76
h 56 4 185
h 56 20 44
h 56 26 193
h 56 28 142
h 56 60 68
h 56 75 164
h 57 3 36
h 57 13 120
h 57 22 181
h 57 48 177
h 57 72 138
h 57 81 52
h 57 93 121
h 57 96 115
h 58 20 151
h 58 27 199
h 58 28 18
h 58 40 6
h 58 65 47
h 58 100 102
h 59 18 71
h 59 32 51
h 59 38 85
h 59 44 120
h 59 51 30
h 59 53 103
h 59 63 115
h 59 66 162
h 59 95 171
h 60 18 155
h 60 24 18
h 60 26 108
h 60 32 142
h 60 34 80
h 60 56 68
h 60 63 107
h 60 66 57
h 60 83 6
h 61 1 126
h 61 2 178
h 61 15 75
h 61 36 127
h 61 49 29
h 61 62 52
h 61 73 66
h 61 86 57
h 61 98 150
h 61 100 49
h 62 15 196
h 62 33 147
h 62 40 110
h 62 46 143
h 62 61 52
h 62 64 147
h 62 73 176
h 62 88 164
h 62 89 191
h 62 92 95
h 62 99 147
h 63 18 188
h 63 32 190
h 63 38 34
h 63 44 79
h 63 53 15
h 63 59 115
h 63 60 107
h 63 66 182
h 63 76 113
h 63 95 82
h 64 15 114
h 64 33 188
h 64 40 180
h 64 46 182
h 64 55 56
h 64 62 147
h 64 73 158
h 64 84 8
h 64 88 65
h 64 89 175
h 64 92 188
h 64 99 58
h 65 27 45
h 65 40 65
h 65 46 11
h 65 58 47
h 65 84 82
h 65 92 75
h 66 18 171
h 66 32 150
h 66 38 20
h 66 44 70
h 66 53 108
h 66 59 162
h 66 60 57
h 66 63 182
h 66 76 32
h 66 95 107
h 67 5 139
h 67 11 17
h 67 13 93
h 67 54 150
h 67 68 167
h 67 78 168
h 67 79 139
h 67 94 195
h 68 5 192
h 68 11 87
h 68 54 99
h 68 67 167
h 68 78 169
h 68 79 86
h 68 94 139
h 69 4 41
h 69 8 24
h 69 75 93
h 69 82 11
h 70 9 23
h 70 14 194
h 70 16 30
h 70 30 15
h 70 80 34
h 70 87 69
h 70 90 164
h 70 91 90
h 71 38 43
h 71 42 180
h 72 22 55
h 72 29 68
h 72 48 43
h 72 57 138
h 72 81 140
h 72 93 85
h 72 96 194
h 73 2 7
h 73 15 160
h 73 33 126
h 73 40 162
h 73 46 184
h 73 61 66
h 73 62 176
h 73 64 158
h 73 88 82
h 73 89 165
h 73 92 135
h 73 98 42
h 73 99 54
h 73 100 86
h 74 7 176
h 74 12 82
h 74 16 160
h 74 17 150
h 74 19 17
h 74 82 69
h 75 4 194
h 75 20 112
h 75 26 128
h 75 28 126
h 75 56 164
h 75 69 93
h 76 18 61
h 76 24 82
h 76 32 130
h 76 38 83
h 76 43 85
h 76 44 97
h 76 63 113
h 76 66 32
h 76 95 26
h 77 47 191
h 77 79 87
h 78 5 133
h 78 11 136
h 78 41 59
h 78 54 42
h 78 67 168
h 78 68 169
h 78 79 169
h 78 94 151
h 79 5 22
h 79 11 76
h 79 13 42
h 79 41 73
h 79 47 88
h 79 67 139
h 79 68 86
h 79 77 87
h 79 78 169
h 79 94 142
h 80 9 25
h 80 10 114
h 80 14 77
h 80 30 106
h 80 45 25
h 80 70 34
h 80 87 197
h 80 90 143
h 80 91 161
h 81 29 176
h 81 57 52
h 81 72 140
h 81 96 106
h 81 97 12
h 82 8 168
h 82 16 7
h 82 34 29
h 82 69 11
h 82 74 69
h 82 83 8
h 83 8 103
h 83 23 42
h 83 24 186
h 83 34 176
h 83 50 58
h 83 60 6
h 83 82 8
h 84 21 112
h 84 25 89
h 84 35 53
h 84 39 88
h 84 55 173
h 84 64 8
h 84 65 82
h 84 92 61
h 85 3 195
h 85 13 115
h 85 22 86
h 85 48 79
h 85 54 83
h 85 93 33
h 86 2 139
h 86 36 187
h 86 61 57
h 86 98 174
h 86 100 144
h 87 9 36
h 87 10 108
h 87 14 107
h 87 30 107
h 87 45 30
h 87 70 69
h 87 80 197
h 87 90 163
h 87 91 172
h 88 15 176
h 88 33 104
h 88 46 27
h 88 62 164
h 88 64 65
h 88 73 82
h 88 89 155
h 88 99 196
h 89 15 178
h 89 31 11
h 89 33 181
h 89 40 131
h 89 46 153
h 89 62 191
h 89 64 175
h 89 73 165
h 89 88 155
h 89 92 131
h 89 99 147
h 90 9 14
h 90 10 50
h 90 14 185
h 90 16 24
h 90 30 54
h 90 45 24
h 90 70 164
h 90 80 143
h 90 87 163
h 90 91 178
h 91 10 142
h 91 14 134
h 91 16 13
h 91 45 120
h 91 70 90
h 91 80 161
h 91 87 172
h 91 90 178
h 92 15 51
h 92 33 160
h 92 40 191
h 92 46 180
h 92 55 76
h 92 62 95
h 92 64 188
h 92 65 75
h 92 73 135
h 92 84 61
h 92 89 131
h 93 3 84
h 93 13 8
h 93 22 102
h 93 48 81
h 93 57 121
h 93 72 85
h 93 85 33
h 93 96 103
h 94 5 103
h 94 13 131
h 94 22 36
h 94 48 57
h 94 54 152
h 94 67 195
h 94 68 139
h 94 78 151
h 94 79 142
h 95 18 6
h 95 32 21
h 95 38 168
h 95 44 182
h 95 59 171
h 95 63 82
h 95 66 107
h 95 76 26
h 96 22 25
h 96 29 34
h 96 48 8
h 96 53 17
h 96 57 115
h 96 72 194
h 96 81 106
h 96 93 103
h 97 20 83
h 97 28 147
h 97 29 69
h 97 81 12
h 98 2 186
h 98 36 196
h 98 61 150
h 98 73 42
h 98 86 174
h 98 100 151
h 99 15 157
h 99 31 30
h 99 33 108
h 99 62 147
h 99 64 58
h 99 73 54
h 99 88 196
h 99 89 147
h 100 2 90
h 100 27 108
h 100 36 142
h 100 40 51
h 100 46 70
h 100 58 102
h 100 61 49
h 100 73 86
h 100 86 144
h 100 98 151
