h 100 50 63.0743
r 1 59.269514
r 2 63.074306
r 3 58.374229
r 4 61.694135
r 5 59.294787
r 6 61.577456
r 7 58.048535
r 8 60.511634
r 9 61.382841
r 10 58.572367
r 11 61.496145
r 12 59.575047
r 13 60.924874
r 14 61.509697
r 15 62.191564
r 16 59.757647
r 17 60.103976
r 18 62.880845
r 19 62.807892
r 20 60.334693
r 21 61.324325
r 22 57.991057
r 23 59.439167
r 24 61.178862
r 25 59.763027
r 26 60.557792
r 27 61.461935
r 28 59.581192
r 29 60.020704
r 30 60.214895
r 31 59.315946
r 32 59.011621
r 33 62.175753
r 34 60.110753
r 35 59.659516
r 36 60.452268
r 37 62.088515
r 38 61.335959
r 39 60.064650
r 40 62.972637
r 41 59.445337
r 42 60.504765
r 43 62.610472
r 44 62.002364
r 45 59.272113
r 46 59.542834
r 47 60.341789
r 48 61.099887
r 49 58.433103
r 50 59.857596
t 1 14.262416
t 2 47.408671
t 3 25.368331
t 4 6.679465
t 5 11.678645
t 6 38.948930
t 7 43.676243
t 8 24.972153
t 9 37.574307
t 10 42.434898
t 11 37.790670
t 12 20.708175
t 13 17.619165
t 14 10.454270
t 15 44.091619
t 16 19.717917
t 17 40.475578
t 18 22.684682
t 19 26.237121
t 20 21.261999
t 21 45.109182
t 22 43.854150
t 23 49.330695
t 24 28.679250
t 25 33.850440
t 26 32.185123
t 27 14.712620
t 28 35.936035
t 29 46.782734
t 30 47.180388
t 31 40.636254
t 32 20.588825
t 33 19.968920
t 34 39.262443
t 35 29.480781
t 36 31.554003
t 37 25.245508
t 38 41.756840
t 39 45.175176
t 40 32.895950
t 41 8.368343
t 42 12.059261
t 43 47.136279
t 44 8.012252
t 45 13.233451
t 46 32.793256
t 47 28.990709
t 48 28.533587
t 49 46.971958
t 50 20.313698
t 51 5.258412
t 52 9.845148
t 53 45.339765
t 54 36.518152
t 55 34.301621
t 56 27.364383
t 57 17.728923
t 58 22.260877
t 59 25.354305
t 60 43.340665
t 61 36.964127
t 62 10.325687
t 63 5.794694
t 64 24.903497
t 65 33.356838
t 66 7.387772
t 67 5.895685
t 68 47.991087
t 69 33.402918
t 70 15.186932
t 71 45.751977
t 72 42.560355
t 73 32.621937
t 74 49.665427
t 75 25.021297
t 76 22.757995
t 77 21.863072
t 78 19.479451
t 79 25.243474
t 80 11.511446
t 81 23.692597
t 82 12.134247
t 83 34.268278
t 84 10.583757
t 85 27.739560
t 86 13.104014
t 87 19.246226
t 88 12.403954
t 89 6.590214
t 90 30.910827
t 91 11.491784
t 92 39.589355
t 93 13.675572
t 94 27.642192
t 95 11.208003
t 96 36.686357
t 97 36.317922
t 98 44.294769
t 99 31.100357
t 100 15.293656
h 1 8 119
h 1 27 153
h 1 49 23
h 1 52 152
h 1 54 191
h 1 64 93
h 1 67 176
h 1 68 89
h 1 82 183
h 1 87 71
h 1 93 11
h 2 31 114
h 2 46 70
h 2 66 162
h 2 92 137
h 2 94 43
h 3 9 44
h 3 10 86
h 3 45 115
h 3 59 119
h 3 64 117
h 3 65 183
h 3 68 67
h 3 81 163
h 3 83 183
h 3 98 122
h 4 34 156
h 4 81 25
h 4 93 57
h 4 97 38
h 4 98 139
h 5 8 61
h 5 12 90
h 5 14 115
h 5 18 118
h 5 22 164
h 5 25 195
h 5 27 5
h 5 71 166
h 5 73 136
h 6 51 11
h 6 69 131
h 6 88 192
h 6 89 150
h 7 17 27
h 7 56 49
h 7 58 81
h 7 63 117
h 7 72 80
h 7 90 30
h 7 91 178
h 7 100 30
h 8 1 119
h 8 5 61
h 8 10 27
h 8 12 14
h 8 18 108
h 8 25 20
h 8 27 194
h 8 54 58
h 8 64 91
h 8 67 52
h 8 73 106
h 8 82 170
h 9 3 44
h 9 36 112
h 9 41 190
h 9 45 187
h 9 59 169
h 9 63 22
h 9 81 73
h 9 100 48
h 10 3 86
h 10 8 27
h 10 13 12
h 10 22 24
h 10 36 90
h 10 64 124
h 10 65 153
h 10 75 69
h 10 83 120
h 11 80 127
h 12 5 90
h 12 8 14
h 12 14 180
h 12 18 183
h 12 25 105
h 12 39 78
h 12 71 166
h 12 73 183
h 13 10 12
h 13 21 193
h 13 22 17
h 13 36 116
h 13 55 99
h 13 75 194
h 13 92 103
h 13 94 107
h 14 5 115
h 14 12 180
h 14 18 146
h 14 25 140
h 14 39 104
h 14 71 188
h 14 73 154
h 14 80 26
h 15 20 9
h 15 48 127
h 15 50 16
h 15 61 33
h 16 26 23
h 16 29 96
h 16 32 109
h 16 53 186
h 16 57 127
h 16 86 170
h 17 7 27
h 17 28 98
h 17 58 78
h 17 72 194
h 17 76 131
h 17 77 9
h 17 90 41
h 17 100 170
h 18 5 118
h 18 8 108
h 18 12 183
h 18 14 146
h 18 25 116
h 18 27 92
h 18 71 155
h 18 73 198
h 19 23 137
h 19 38 189
h 19 40 67
h 19 44 26
h 19 62 80
h 19 78 48
h 19 79 170
h 19 84 168
h 20 15 9
h 20 51 54
h 20 61 177
h 21 13 193
h 21 36 134
h 21 47 32
h 21 55 130
h 21 75 182
h 21 92 89
h 21 94 129
h 22 5 164
h 22 10 24
h 22 13 17
h 22 25 148
h 22 71 68
h 22 73 13
h 22 75 54
h 23 19 137
h 23 38 100
h 23 40 124
h 23 44 162
h 23 79 190
h 23 84 34
h 23 95 109
h 24 30 67
h 24 37 182
h 24 43 131
h 24 74 190
h 24 85 187
h 24 89 64
h 25 5 195
h 25 8 20
h 25 12 105
h 25 14 140
h 25 18 116
h 25 22 148
h 25 71 181
h 25 73 135
h 25 80 27
h 26 16 23
h 26 29 64
h 26 32 16
h 26 34 49
h 26 35 189
h 26 48 50
h 26 50 152
h 26 53 100
h 26 86 24
h 27 1 153
h 27 5 5
h 27 8 194
h 27 18 92
h 27 52 44
h 27 54 106
h 27 64 88
h 27 67 89
h 27 73 85
h 27 82 185
h 28 17 98
h 28 57 36
h 28 58 77
h 28 72 79
h 28 76 140
h 28 77 177
h 28 90 85
h 29 16 96
h 29 26 64
h 29 35 84
h 29 50 133
h 29 53 145
h 29 86 170
h 30 24 67
h 30 37 143
h 30 42 172
h 30 49 129
h 30 74 100
h 30 85 35
h 30 87 83
h 30 93 57
h 30 96 185
h 30 97 135
h 31 2 114
h 31 33 68
h 31 46 194
h 31 47 90
h 31 55 143
h 31 60 119
h 31 66 19
h 31 92 118
h 31 94 158
h 32 16 109
h 32 26 16
h 32 53 90
h 32 57 16
h 32 76 87
h 33 31 68
h 33 46 110
h 33 47 178
h 33 55 98
h 33 56 181
h 33 60 190
h 33 63 20
h 33 91 45
h 33 94 66
h 34 4 156
h 34 26 49
h 34 81 80
h 34 98 146
h 35 26 189
h 35 29 84
h 35 48 102
h 35 50 183
h 35 53 71
h 35 86 12
h 36 9 112
h 36 10 90
h 36 13 116
h 36 21 134
h 36 41 57
h 36 45 91
h 36 59 31
h 36 65 30
h 36 75 132
h 37 24 182
h 37 30 143
h 37 42 44
h 37 43 97
h 37 49 16
h 37 74 192
h 37 85 170
h 37 89 73
h 37 96 73
h 38 19 189
h 38 23 100
h 38 62 121
h 38 78 97
h 38 79 134
h 38 84 155
h 39 12 78
h 39 14 104
h 39 71 26
h 40 19 67
h 40 23 124
h 40 44 152
h 40 70 44
h 40 79 142
h 40 84 25
h 40 95 188
h 40 99 5
h 41 9 190
h 41 36 57
h 41 45 169
h 41 59 157
h 41 63 49
h 41 81 46
h 41 100 112
h 42 30 172
h 42 37 44
h 42 49 173
h 42 52 83
h 42 54 71
h 42 67 56
h 42 68 32
h 42 87 152
h 42 93 123
h 42 96 190
h 42 97 147
h 43 24 131
h 43 37 97
h 43 62 145
h 43 74 80
h 43 78 159
h 43 85 63
h 44 19 26
h 44 23 162
h 44 40 152
h 44 79 139
h 44 95 172
h 45 3 115
h 45 9 187
h 45 36 91
h 45 41 169
h 45 59 193
h 45 65 71
h 45 81 138
h 45 83 34
h 45 98 21
h 46 2 70
h 46 31 194
h 46 33 110
h 46 47 116
h 46 55 140
h 46 56 28
h 46 60 147
h 46 92 75
h 46 94 147
h 47 21 32
h 47 31 90
h 47 33 178
h 47 46 116
h 47 55 161
h 47 56 174
h 47 60 192
h 47 63 68
h 47 91 45
h 47 94 134
h 48 15 127
h 48 26 50
h 48 35 102
h 48 50 81
h 49 1 23
h 49 30 129
h 49 37 16
h 49 42 173
h 49 52 140
h 49 54 91
h 49 67 33
h 49 87 193
h 49 93 29
h 49 96 134
h 49 97 45
h 50 15 16
h 50 26 152
h 50 29 133
h 50 35 183
h 50 48 81
h 50 53 70
h 50 86 47
h 51 6 11
h 51 20 54
h 51 61 145
h 51 69 169
h 51 88 75
h 52 1 152
h 52 27 44
h 52 42 83
h 52 49 140
h 52 54 176
h 52 67 116
h 52 82 81
h 52 87 172
h 52 96 7
h 52 99 52
h 53 16 186
h 53 26 100
h 53 29 145
h 53 32 90
h 53 35 71
h 53 50 70
h 53 57 52
h 53 86 180
h 54 1 191
h 54 8 58
h 54 27 106
h 54 42 71
h 54 49 91
h 54 52 176
h 54 64 55
h 54 67 180
h 54 68 99
h 54 82 151
h 54 87 126
h 54 93 57
h 54 96 5
h 55 13 99
h 55 21 130
h 55 31 143
h 55 33 98
h 55 46 140
h 55 47 161
h 55 56 73
h 55 60 150
h 55 75 50
h 55 92 111
h 55 94 195
h 56 7 49
h 56 33 181
h 56 46 28
h 56 47 174
h 56 55 73
h 56 60 165
h 56 63 114
h 56 91 131
h 56 94 26
h 57 16 127
h 57 28 36
h 57 32 16
h 57 53 52
h 57 76 89
h 57 86 60
h 58 7 81
h 58 17 78
h 58 28 77
h 58 72 108
h 58 77 91
h 58 90 194
h 59 3 119
h 59 9 169
h 59 36 31
h 59 41 157
h 59 45 193
h 59 65 58
h 59 81 164
h 59 83 33
h 59 98 72
h 60 31 119
h 60 33 190
h 60 46 147
h 60 47 192
h 60 55 150
h 60 56 165
h 60 63 10
h 60 91 5
h 60 94 127
h 61 15 33
h 61 20 177
h 61 51 145
h 61 69 63
h 62 19 80
h 62 38 121
h 62 43 145
h 62 78 198
h 62 84 125
h 63 7 117
h 63 9 22
h 63 33 20
h 63 41 49
h 63 47 68
h 63 56 114
h 63 60 10
h 63 72 8
h 63 91 172
h 63 100 61
h 64 1 93
h 64 3 117
h 64 8 91
h 64 10 124
h 64 27 88
h 64 54 55
h 64 65 162
h 64 67 127
h 64 68 128
h 64 82 139
h 64 83 174
h 65 3 183
h 65 10 153
h 65 36 30
h 65 45 71
h 65 59 58
h 65 64 162
h 65 68 64
h 65 81 98
h 65 82 7
h 65 83 193
h 65 98 40
h 66 2 162
h 66 31 19
h 66 92 151
h 67 1 176
h 67 8 52
h 67 27 89
h 67 42 56
h 67 49 33
h 67 52 116
h 67 54 180
h 67 64 127
h 67 68 166
h 67 82 154
h 67 83 59
h 67 87 63
h 67 93 114
h 67 96 8
h 67 97 13
h 68 1 89
h 68 3 67
h 68 42 32
h 68 54 99
h 68 64 128
h 68 65 64
h 68 67 166
h 68 82 71
h 68 83 118
h 68 93 163
h 68 96 17
h 68 97 73
h 68 98 51
h 69 6 131
h 69 51 169
h 69 61 63
h 69 88 167
h 69 89 56
h 70 40 44
h 70 95 51
h 71 5 166
h 71 12 166
h 71 14 188
h 71 18 155
h 71 22 68
h 71 25 181
h 71 39 26
h 71 73 167
h 71 80 28
h 72 7 80
h 72 17 194
h 72 28 79
h 72 58 108
h 72 63 8
h 72 76 92
h 72 90 70
h 72 91 21
h 72 100 167
h 73 5 136
h 73 8 106
h 73 12 183
h 73 14 154
h 73 18 198
h 73 22 13
h 73 25 135
h 73 27 85
h 73 71 167
h 74 24 190
h 74 30 100
h 74 37 192
h 74 43 80
h 74 85 191
h 74 89 114
h 74 96 13
h 75 10 69
h 75 13 194
h 75 21 182
h 75 22 54
h 75 36 132
h 75 55 50
h 75 92 63
h 75 94 58
h 76 17 131
h 76 28 140
h 76 32 87
h 76 57 89
h 76 72 92
h 76 77 44
h 76 100 57
h 77 17 9
h 77 28 177
h 77 58 91
h 77 76 44
h 77 90 117
h 78 19 48
h 78 38 97
h 78 43 159
h 78 62 198
h 78 84 101
h 79 19 170
h 79 23 190
h 79 38 134
h 79 40 142
h 79 44 139
h 79 84 102
h 79 95 110
h 80 11 127
h 80 14 26
h 80 25 27
h 80 71 28
h 81 3 163
h 81 4 25
h 81 9 73
h 81 34 80
h 81 41 46
h 81 45 138
h 81 59 164
h 81 65 98
h 81 83 103
h 81 98 169
h 82 1 183
h 82 8 170
h 82 27 185
h 82 52 81
h 82 54 151
h 82 64 139
h 82 65 7
h 82 67 154
h 82 68 71
h 82 83 37
h 83 3 183
h 83 10 120
h 83 45 34
h 83 59 33
h 83 64 174
h 83 65 193
h 83 67 59
h 83 68 118
h 83 81 103
h 83 82 37
h 83 98 74
h 84 19 168
h 84 23 34
h 84 38 155
h 84 40 25
h 84 62 125
h 84 78 101
h 84 79 102
h 84 99 39
h 85 24 187
h 85 30 35
h 85 37 170
h 85 43 63
h 85 74 191
h 85 89 129
h 86 16 170
h 86 26 24
h 86 29 170
h 86 35 12
h 86 50 47
h 86 53 180
h 86 57 60
h 87 1 71
h 87 30 83
h 87 42 152
h 87 49 193
h 87 52 172
h 87 54 126
h 87 67 63
h 87 93 15
h 87 96 100
h 87 97 7
h 88 6 192
h 88 51 75
h 88 69 167
h 88 89 123
h 89 6 150
h 89 24 64
h 89 37 73
h 89 69 56
h 89 74 114
h 89 85 129
h 89 88 123
h 90 7 30
h 90 17 41
h 90 28 85
h 90 58 194
h 90 72 70
h 90 77 117
h 91 7 178
h 91 33 45
h 91 47 45
h 91 56 131
h 91 60 5
h 91 63 172
h 91 72 21
h 91 100 16
h 92 2 137
h 92 13 103
h 92 21 89
h 92 31 118
h 92 46 75
h 92 55 111
h 92 66 151
h 92 75 63
h 92 94 146
h 93 1 11
h 93 4 57
h 93 30 57
h 93 42 123
h 93 49 29
h 93 54 57
h 93 67 114
h 93 68 163
h 93 87 15
h 93 96 132
h 93 97 172
h 93 98 10
h 94 2 43
h 94 13 107
h 94 21 129
h 94 31 158
h 94 33 66
h 94 46 147
h 94 47 134
h 94 55 195
h 94 56 26
h 94 60 127
h 94 75 58
h 94 92 146
h 95 23 109
h 95 40 188
h 95 44 172
h 95 70 51
h 95 79 110
h 96 30 185
h 96 37 73
h 96 42 190
h 96 49 134
h 96 52 7
h 96 54 5
h 96 67 8
h 96 68 17
h 96 74 13
h 96 87 100
h 96 93 132
h 96 97 175
h 97 4 38
h 97 30 135
h 97 42 147
h 97 49 45
h 97 67 13
h 97 68 73
h 97 87 7
h 97 93 172
h 97 96 175
h 98 3 122
h 98 4 139
h 98 34 146
h 98 45 21
h 98 59 72
h 98 65 40
h 98 68 51
h 98 81 169
h 98 83 74
h 98 93 10
h 99 40 5
h 99 52 52
h 99 84 39
h 100 7 30
h 100 9 48
h 100 17 170
h 100 41 112
h 100 63 61
h 100 72 167
h 100 76 57
h 100 91 16
