h 100 50 59.3847
r 1 54.663852
r 2 56.903023
r 3 57.492981
r 4 59.196960
r 5 57.954845
r 6 55.485766
r 7 57.106714
r 8 57.222297
r 9 56.016026
r 10 58.508016
r 11 56.267774
r 12 55.080411
r 13 59.048382
r 14 57.677979
r 15 56.276827
r 16 56.376182
r 17 54.555776
r 18 58.064621
r 19 54.479147
r 20 58.493640
r 21 59.001263
r 22 57.709518
r 23 56.558231
r 24 54.783225
r 25 57.832403
r 26 59.384733
r 27 55.569946
r 28 58.471522
r 29 54.412317
r 30 58.372357
r 31 57.147513
r 32 57.632343
r 33 57.716777
r 34 57.973805
r 35 56.967532
r 36 57.457274
r 37 55.565438
r 38 57.482694
r 39 55.157207
r 40 55.370176
r 41 55.952693
r 42 58.553781
r 43 57.080730
r 44 54.509374
r 45 54.829662
r 46 55.329829
r 47 57.937424
r 48 57.319512
r 49 56.246591
r 50 56.911602
t 1 6.064208
t 2 39.051830
t 3 24.423211
t 4 38.859977
t 5 29.003424
t 6 21.497098
t 7 14.040519
t 8 18.242239
t 9 26.215325
t 10 24.842294
t 11 36.347462
t 12 14.331416
t 13 32.572945
t 14 29.687092
t 15 10.502677
t 16 41.557405
t 17 10.712155
t 18 10.339777
t 19 10.336858
t 20 38.824320
t 21 7.636693
t 22 7.934222
t 23 5.260590
t 24 26.446882
t 25 26.347257
t 26 29.616826
t 27 16.565674
t 28 41.542205
t 29 15.941355
t 30 38.255874
t 31 13.833383
t 32 31.757939
t 33 9.300658
t 34 7.862666
t 35 8.395859
t 36 36.059260
t 37 13.130032
t 38 20.515105
t 39 19.974378
t 40 6.598475
t 41 10.390934
t 42 6.231793
t 43 23.142159
t 44 43.254449
t 45 43.343657
t 46 16.288225
t 47 45.482761
t 48 31.620357
t 49 29.034895
t 50 24.864885
t 51 19.363719
t 52 39.754236
t 53 48.547744
t 54 28.402174
t 55 33.534242
t 56 5.196417
t 57 46.574295
t 58 10.545400
t 59 35.634628
t 60 39.312588
t 61 38.486065
t 62 14.171060
t 63 49.732161
t 64 6.420181
t 65 19.453585
t 66 44.567122
t 67 48.250003
t 68 29.851230
t 69 46.512375
t 70 18.030966
t 71 13.043796
t 72 22.582655
t 73 30.187510
t 74 21.904385
t 75 43.540350
t 76 13.128023
t 77 28.216791
t 78 20.264573
t 79 49.068084
t 80 10.138807
t 81 28.493213
t 82 39.492841
t 83 39.657539
t 84 37.795337
t 85 35.563625
t 86 9.421626
t 87 34.538901
t 88 16.771493
t 89 39.493728
t 90 5.735457
t 91 9.265873
t 92 29.743961
t 93 27.656644
t 94 7.789847
t 95 44.617711
t 96 49.332897
t 97 35.976905
t 98 18.433885
t 99 15.563980
t 100 49.262064
h 1 18 138
h 1 25 182
h 1 46 35
h 1 49 115
h 1 64 16
h 1 68 48
h 1 73 198
h 1 81 102
h 1 86 138
h 1 91 18
h 1 98 174
h 2 7 68
h 2 22 62
h 2 26 177
h 2 93 129
h 2 100 178
h 3 28 171
h 3 34 7
h 3 51 21
h 3 54 41
h 3 77 102
h 3 83 199
h 4 9 33
h 4 34 60
h 4 35 187
h 4 36 156
h 4 37 7
h 4 52 117
h 4 65 117
h 4 77 61
h 4 94 197
h 5 13 81
h 5 15 192
h 5 19 144
h 5 27 159
h 5 29 126
h 5 32 141
h 5 33 176
h 5 44 153
h 5 58 187
h 5 99 73
h 6 8 54
h 6 12 191
h 6 20 157
h 6 30 50
h 6 38 89
h 6 41 192
h 6 69 198
h 6 75 150
h 6 97 14
h 7 2 68
h 7 22 182
h 7 50 122
h 7 82 149
h 7 100 60
h 8 6 54
h 8 10 63
h 8 12 116
h 8 17 145
h 8 20 13
h 8 30 185
h 8 38 141
h 8 41 46
h 8 69 77
h 8 75 128
h 8 96 42
h 9 4 33
h 9 34 174
h 9 37 191
h 9 53 38
h 9 54 137
h 9 57 11
h 9 65 162
h 9 77 96
h 9 88 128
h 9 92 195
h 9 94 73
h 10 8 63
h 10 17 175
h 10 21 105
h 10 30 118
h 10 37 27
h 10 57 134
h 10 90 27
h 10 96 88
h 11 21 7
h 11 24 43
h 11 39 192
h 11 48 42
h 11 57 18
h 11 72 95
h 11 88 77
h 11 89 177
h 12 6 191
h 12 8 116
h 12 20 150
h 12 30 110
h 12 38 127
h 12 41 184
h 12 69 195
h 12 75 172
h 13 5 81
h 13 15 134
h 13 27 178
h 13 31 137
h 13 33 162
h 13 44 143
h 13 56 89
h 13 58 110
h 13 71 103
h 13 99 182
h 14 19 87
h 14 32 69
h 14 44 70
h 14 61 131
h 14 71 12
h 14 84 168
h 14 87 183
h 15 5 192
h 15 13 134
h 15 19 115
h 15 27 186
h 15 29 74
h 15 32 107
h 15 33 195
h 15 44 173
h 15 58 190
h 15 99 123
h 16 61 7
h 16 67 194
h 16 79 56
h 17 8 145
h 17 10 175
h 17 21 52
h 17 30 164
h 17 57 50
h 17 75 48
h 17 90 69
h 17 96 136
h 18 1 138
h 18 25 186
h 18 46 12
h 18 49 145
h 18 51 32
h 18 55 86
h 18 64 114
h 18 68 113
h 18 73 117
h 18 81 24
h 18 86 44
h 18 98 83
h 19 5 144
h 19 14 87
h 19 15 115
h 19 27 44
h 19 29 172
h 19 32 199
h 19 33 89
h 19 42 91
h 19 44 118
h 19 58 79
h 19 84 7
h 19 87 98
h 20 6 157
h 20 8 13
h 20 12 150
h 20 30 59
h 20 41 186
h 20 69 146
h 20 75 171
h 20 76 37
h 20 97 112
h 21 10 105
h 21 11 7
h 21 17 52
h 21 39 58
h 21 57 176
h 21 62 132
h 21 66 49
h 21 88 45
h 21 89 103
h 21 90 102
h 21 96 91
h 22 2 62
h 22 7 182
h 22 50 31
h 22 82 184
h 22 100 92
h 23 43 73
h 23 50 160
h 23 59 112
h 23 78 12
h 24 11 43
h 24 72 194
h 24 82 9
h 25 1 182
h 25 18 186
h 25 46 32
h 25 49 143
h 25 64 88
h 25 68 103
h 25 73 170
h 25 81 80
h 25 86 107
h 25 98 143
h 26 2 177
h 26 93 118
h 26 100 174
h 27 5 159
h 27 13 178
h 27 15 186
h 27 19 44
h 27 31 64
h 27 32 30
h 27 33 196
h 27 44 168
h 27 56 53
h 27 58 175
h 27 71 41
h 27 99 171
h 28 3 171
h 28 31 57
h 28 36 51
h 28 71 89
h 28 77 106
h 28 83 177
h 29 5 126
h 29 15 74
h 29 19 172
h 29 32 181
h 29 33 29
h 29 42 155
h 29 44 28
h 29 58 65
h 30 6 50
h 30 8 185
h 30 10 118
h 30 12 110
h 30 17 164
h 30 20 59
h 30 38 79
h 30 41 63
h 30 69 67
h 30 75 156
h 30 96 27
h 31 13 137
h 31 27 64
h 31 28 57
h 31 33 50
h 31 44 87
h 31 71 188
h 31 99 64
h 32 5 141
h 32 14 69
h 32 15 107
h 32 19 199
h 32 27 30
h 32 29 181
h 32 33 77
h 32 42 109
h 32 44 102
h 32 58 75
h 32 87 86
h 33 5 176
h 33 13 162
h 33 15 195
h 33 19 89
h 33 27 196
h 33 29 29
h 33 31 50
h 33 32 77
h 33 44 182
h 33 58 179
h 33 71 40
h 33 99 146
h 34 3 7
h 34 4 60
h 34 9 174
h 34 36 81
h 34 37 136
h 34 53 54
h 34 54 168
h 34 65 192
h 34 77 173
h 34 83 17
h 34 88 46
h 34 92 149
h 34 94 92
h 35 4 187
h 35 36 111
h 35 52 164
h 35 65 44
h 35 94 176
h 36 4 156
h 36 28 51
h 36 34 81
h 36 35 111
h 36 52 28
h 36 65 128
h 36 77 136
h 36 94 151
h 37 4 7
h 37 9 191
h 37 10 27
h 37 34 136
h 37 54 90
h 37 57 76
h 37 65 124
h 37 77 30
h 37 88 144
h 37 92 198
h 37 94 50
h 38 6 89
h 38 8 141
h 38 12 127
h 38 30 79
h 38 41 43
h 38 69 113
h 38 75 58
h 39 11 192
h 39 21 58
h 39 48 46
h 39 53 5
h 39 57 81
h 39 72 50
h 39 88 128
h 39 89 195
h 40 46 62
h 40 70 23
h 40 91 112
h 41 6 192
h 41 8 46
h 41 12 184
h 41 20 186
h 41 30 63
h 41 38 43
h 41 69 186
h 41 75 169
h 41 97 67
h 42 19 91
h 42 29 155
h 42 32 109
h 42 79 18
h 43 23 73
h 43 45 182
h 43 47 186
h 43 48 52
h 43 50 53
h 43 60 99
h 43 78 70
h 44 5 153
h 44 13 143
h 44 14 70
h 44 15 173
h 44 19 118
h 44 27 168
h 44 29 28
h 44 31 87
h 44 32 102
h 44 33 182
h 44 58 131
h 44 71 101
h 44 87 8
h 44 99 93
h 45 43 182
h 45 47 195
h 45 48 101
h 45 53 58
h 45 60 91
h 45 78 39
h 46 1 35
h 46 18 12
h 46 25 32
h 46 40 62
h 46 49 158
h 46 70 194
h 46 73 33
h 46 85 79
h 46 91 194
h 47 43 186
h 47 45 195
h 47 48 123
h 47 53 72
h 47 60 57
h 47 78 6
h 48 11 42
h 48 39 46
h 48 43 52
h 48 45 101
h 48 47 123
h 48 53 183
h 48 54 88
h 48 88 48
h 48 89 9
h 49 1 115
h 49 18 145
h 49 25 143
h 49 46 158
h 49 55 44
h 49 70 151
h 49 73 103
h 49 85 105
h 49 91 128
h 50 7 122
h 50 22 31
h 50 23 160
h 50 43 53
h 51 3 21
h 51 18 32
h 51 64 180
h 51 68 163
h 52 4 117
h 52 35 164
h 52 36 28
h 52 61 75
h 52 76 31
h 52 84 11
h 52 94 87
h 52 97 35
h 53 9 38
h 53 34 54
h 53 39 5
h 53 45 58
h 53 47 72
h 53 48 183
h 53 54 156
h 53 88 74
h 53 92 30
h 54 3 41
h 54 9 137
h 54 34 168
h 54 37 90
h 54 48 88
h 54 53 156
h 54 65 130
h 54 77 134
h 54 83 44
h 54 88 76
h 54 92 116
h 55 18 86
h 55 49 44
h 55 78 11
h 55 80 69
h 55 85 91
h 55 95 167
h 56 13 89
h 56 27 53
h 56 99 151
h 57 9 11
h 57 10 134
h 57 11 18
h 57 17 50
h 57 21 176
h 57 37 76
h 57 39 81
h 57 62 31
h 57 88 131
h 57 89 124
h 57 92 65
h 57 96 17
h 58 5 187
h 58 13 110
h 58 15 190
h 58 19 79
h 58 27 175
h 58 29 65
h 58 32 75
h 58 33 179
h 58 44 131
h 58 99 125
h 59 23 112
h 59 60 76
h 59 74 118
h 59 78 130
h 59 80 133
h 60 43 99
h 60 45 91
h 60 47 57
h 60 59 76
h 60 78 190
h 60 80 105
h 60 95 66
h 61 14 131
h 61 16 7
h 61 52 75
h 61 67 63
h 61 84 191
h 61 87 156
h 62 21 132
h 62 57 31
h 62 66 150
h 62 90 184
h 62 96 147
h 63 79 69
h 64 1 16
h 64 18 114
h 64 25 88
h 64 51 180
h 64 68 195
h 64 81 73
h 64 86 49
h 64 98 37
h 65 4 117
h 65 9 162
h 65 34 192
h 65 35 44
h 65 36 128
h 65 37 124
h 65 54 130
h 65 77 175
h 65 92 132
h 65 94 141
h 66 21 49
h 66 62 150
h 66 72 13
h 66 90 86
h 67 16 194
h 67 61 63
h 67 76 7
h 67 79 53
h 67 84 10
h 68 1 48
h 68 18 113
h 68 25 103
h 68 51 163
h 68 64 195
h 68 73 24
h 68 81 116
h 68 86 95
h 68 98 80
h 69 6 198
h 69 8 77
h 69 12 195
h 69 20 146
h 69 30 67
h 69 38 113
h 69 41 186
h 69 75 151
h 70 40 23
h 70 46 194
h 70 49 151
h 70 85 120
h 70 91 181
h 71 13 103
h 71 14 12
h 71 27 41
h 71 28 89
h 71 31 188
h 71 33 40
h 71 44 101
h 71 99 7
h 72 11 95
h 72 24 194
h 72 39 50
h 72 66 13
h 72 89 29
h 73 1 198
h 73 18 117
h 73 25 170
h 73 46 33
h 73 49 103
h 73 68 24
h 73 81 100
h 73 86 138
h 73 91 21
h 73 98 175
h 74 59 118
h 74 78 54
h 74 80 169
h 74 95 110
h 75 6 150
h 75 8 128
h 75 12 172
h 75 17 48
h 75 20 171
h 75 30 156
h 75 38 58
h 75 41 169
h 75 69 151
h 76 20 37
h 76 52 31
h 76 67 7
h 76 97 188
h 77 3 102
h 77 4 61
h 77 9 96
h 77 28 106
h 77 34 173
h 77 36 136
h 77 37 30
h 77 54 134
h 77 65 175
h 77 83 111
h 77 92 49
h 77 94 81
h 78 23 12
h 78 43 70
h 78 45 39
h 78 47 6
h 78 55 11
h 78 59 130
h 78 60 190
h 78 74 54
h 78 80 149
h 78 95 97
h 79 16 56
h 79 42 18
h 79 63 69
h 79 67 53
h 80 55 69
h 80 59 133
h 80 60 105
h 80 74 169
h 80 78 149
h 80 95 165
h 81 1 102
h 81 18 24
h 81 25 80
h 81 64 73
h 81 68 116
h 81 73 100
h 81 86 194
h 81 98 173
h 82 7 149
h 82 22 184
h 82 24 9
h 82 100 12
h 83 3 199
h 83 28 177
h 83 34 17
h 83 54 44
h 83 77 111
h 84 14 168
h 84 19 7
h 84 52 11
h 84 61 191
h 84 67 10
h 84 87 185
h 85 46 79
h 85 49 105
h 85 55 91
h 85 70 120
h 85 91 26
h 85 95 21
h 86 1 138
h 86 18 44
h 86 25 107
h 86 64 49
h 86 68 95
h 86 73 138
h 86 81 194
h 86 98 191
h 87 14 183
h 87 19 98
h 87 32 86
h 87 44 8
h 87 61 156
h 87 84 185
h 88 9 128
h 88 11 77
h 88 21 45
h 88 34 46
h 88 37 144
h 88 39 128
h 88 48 48
h 88 53 74
h 88 54 76
h 88 57 131
h 88 89 144
h 88 92 153
h 89 11 177
h 89 21 103
h 89 39 195
h 89 48 9
h 89 57 124
h 89 72 29
h 89 88 144
h 90 10 27
h 90 17 69
h 90 21 102
h 90 62 184
h 90 66 86
h 90 96 185
h 91 1 18
h 91 40 112
h 91 46 194
h 91 49 128
h 91 70 181
h 91 73 21
h 91 85 26
h 92 9 195
h 92 34 149
h 92 37 198
h 92 53 30
h 92 54 116
h 92 57 65
h 92 65 132
h 92 77 49
h 92 88 153
h 92 94 39
h 93 2 129
h 93 26 118
h 93 100 43
h 94 4 197
h 94 9 73
h 94 34 92
h 94 35 176
h 94 36 151
h 94 37 50
h 94 52 87
h 94 65 141
h 94 77 81
h 94 92 39
h 95 55 167
h 95 60 66
h 95 74 110
h 95 78 97
h 95 80 165
h 95 85 21
h 96 8 42
h 96 10 88
h 96 17 136
h 96 21 91
h 96 30 27
h 96 57 17
h 96 62 147
h 96 90 185
h 97 6 14
h 97 20 112
h 97 41 67
h 97 52 35
h 97 76 188
h 98 1 174
h 98 18 83
h 98 25 143
h 98 64 37
h 98 68 80
h 98 73 175
h 98 81 173
h 98 86 191
h 99 5 73
h 99 13 182
h 99 15 123
h 99 27 171
h 99 31 64
h 99 33 146
h 99 44 93
h 99 56 151
h 99 58 125
h 99 71 7
h 100 2 178
h 100 7 60
h 100 22 92
h 100 26 174
h 100 82 12
h 100 93 43
