h 20 5 126.226
r 1 126.226
r 2 126.226
r 3 126.226
r 4 126.226
r 5 126.226
t 1 14.262416
t 2 47.408671
t 3 25.368331
t 4 6.679465
t 5 11.678645
t 6 38.948930
t 7 43.676243
t 8 24.972153
t 9 37.574307
t 10 42.434898
t 11 37.790670
t 12 20.708175
t 13 17.619165
t 14 10.454270
t 15 44.091619
t 16 19.717917
t 17 40.475578
t 18 22.684682
t 19 26.237121
t 20 21.261999
h 1 8 119
h 3 9 44
h 3 10 86
h 5 8 61
h 5 12 90
h 5 14 115
h 5 18 118
h 7 17 27
h 8 1 119
h 8 5 61
h 8 10 27
h 8 12 14
h 8 18 108
h 9 3 44
h 10 3 86
h 10 8 27
h 10 13 12
h 12 5 90
h 12 8 14
h 12 14 180
h 12 18 183
h 13 10 12
h 14 5 115
h 14 12 180
h 14 18 146
h 15 20 9
h 17 7 27
h 18 5 118
h 18 8 108
h 18 12 183
h 18 14 146
h 20 15 9
