h 20 10 63.0671
r 1 63.0671
r 2 63.0671
r 3 63.0671
r 4 63.0671
r 5 63.0671
r 6 63.0671
r 7 63.0671
r 8 63.0671
r 9 63.0671
r 10 63.0671
t 1 46.623900
t 2 21.059077
t 3 46.619161
t 4 16.688991
t 5 21.908140
t 6 13.847621
t 7 16.849207
t 8 27.924765
t 9 24.902412
t 10 6.379864
t 11 36.422466
t 12 28.666272
t 13 33.812852
t 14 49.791003
t 15 30.728107
t 16 24.558638
t 17 16.855931
t 18 45.478758
t 19 10.666748
t 20 30.232255
h 1 2 72
h 2 1 72
h 2 9 25
h 3 13 114
h 4 20 104
h 5 11 53
h 7 12 82
h 7 16 93
h 7 17 187
h 7 19 26
h 9 2 25
h 9 14 7
h 11 5 53
h 12 7 82
h 12 16 113
h 12 17 133
h 12 19 192
h 13 3 114
h 14 9 7
h 14 16 56
h 16 7 93
h 16 12 113
h 16 14 56
h 16 17 84
h 16 19 62
h 17 7 187
h 17 12 133
h 17 16 84
h 17 19 95
h 19 7 26
h 19 12 192
h 19 16 62
h 19 17 95
h 20 4 104
