h 20 5 120.417
r 1 120.417
r 2 120.417
r 3 120.417
r 4 120.417
r 5 120.417
t 1 31.373535
t 2 32.739418
t 3 19.791510
t 4 31.760052
t 5 13.580763
t 6 31.827843
t 7 15.269224
t 8 18.809307
t 9 34.586021
t 10 31.992215
t 11 10.155856
t 12 36.036189
t 13 46.007827
t 14 6.423896
t 15 21.875103
t 16 38.421483
t 17 43.539809
t 18 14.038332
t 19 46.798343
t 20 11.659330
h 1 18 187
h 3 4 135
h 3 8 107
h 3 19 135
h 4 3 135
h 4 8 68
h 4 19 197
h 6 9 68
h 6 11 146
h 6 16 125
h 7 10 37
h 8 3 107
h 8 4 68
h 8 19 40
h 9 6 68
h 9 11 98
h 10 7 37
h 10 12 45
h 11 6 146
h 11 9 98
h 11 13 25
h 11 16 80
h 12 10 45
h 13 11 25
h 15 16 161
h 16 6 125
h 16 11 80
h 16 15 161
h 18 1 187
h 19 3 135
h 19 4 197
h 19 8 40
