h 20 5 106.704
r 1 106.704
r 2 106.704
r 3 106.704
r 4 106.704
r 5 106.704
t 1 6.064208
t 2 39.051830
t 3 24.423211
t 4 38.859977
t 5 29.003424
t 6 21.497098
t 7 14.040519
t 8 18.242239
t 9 26.215325
t 10 24.842294
t 11 36.347462
t 12 14.331416
t 13 32.572945
t 14 29.687092
t 15 10.502677
t 16 41.557405
t 17 10.712155
t 18 10.339777
t 19 10.336858
t 20 38.824320
h 1 18 138
h 2 7 68
h 4 9 33
h 5 13 81
h 5 15 192
h 5 19 144
h 6 8 54
h 6 12 191
h 6 20 157
h 7 2 68
h 8 6 54
h 8 10 63
h 8 12 116
h 8 17 145
h 8 20 13
h 9 4 33
h 10 8 63
h 10 17 175
h 12 6 191
h 12 8 116
h 12 20 150
h 13 5 81
h 13 15 134
h 14 19 87
h 15 5 192
h 15 13 134
h 15 19 115
h 17 8 145
h 17 10 175
h 18 1 138
h 19 5 144
h 19 14 87
h 19 15 115
h 20 6 157
h 20 8 13
h 20 12 150
