h 20 10 59.9673
r 1 59.9673
r 2 59.9673
r 3 59.9673
r 4 59.9673
r 5 59.9673
r 6 59.9673
r 7 59.9673
r 8 59.9673
r 9 59.9673
r 10 59.9673
t 1 18.598268
t 2 7.175851
t 3 44.445235
t 4 35.996603
t 5 38.580727
t 6 42.754430
t 7 21.734056
t 8 47.446394
t 9 17.835295
t 10 5.712631
t 11 18.912260
t 12 17.802384
t 13 27.615542
t 14 15.971727
t 15 16.429125
t 16 35.147499
t 17 18.732354
t 18 28.253516
t 19 45.823596
t 20 18.098201
h 2 9 84
h 2 13 137
h 2 19 114
h 3 10 9
h 5 7 178
h 7 5 178
h 9 2 84
h 10 3 9
h 12 14 164
h 13 2 137
h 13 18 49
h 13 19 161
h 13 20 150
h 14 12 164
h 15 16 167
h 16 15 167
h 17 18 192
h 17 19 117
h 17 20 11
h 18 13 49
h 18 17 192
h 18 19 152
h 18 20 79
h 19 2 114
h 19 13 161
h 19 17 117
h 19 18 152
h 19 20 120
h 20 13 150
h 20 17 11
h 20 18 79
h 20 19 120
