h 30 5 186.127
r 1 186.127
r 2 186.127
r 3 186.127
r 4 186.127
r 5 186.127
t 1 31.373535
t 2 32.739418
t 3 19.791510
t 4 31.760052
t 5 13.580763
t 6 31.827843
t 7 15.269224
t 8 18.809307
t 9 34.586021
t 10 31.992215
t 11 10.155856
t 12 36.036189
t 13 46.007827
t 14 6.423896
t 15 21.875103
t 16 38.421483
t 17 43.539809
t 18 14.038332
t 19 46.798343
t 20 11.659330
t 21 26.213762
t 22 33.624453
t 23 5.323285
t 24 40.721677
t 25 49.285845
t 26 24.151325
t 27 32.943160
t 28 7.724203
t 29 42.847894
t 30 16.451889
h 1 18 187
h 1 25 175
h 2 24 44
h 2 25 78
h 3 4 135
h 3 8 107
h 3 19 135
h 3 27 81
h 4 3 135
h 4 8 68
h 4 19 197
h 5 26 198
h 6 9 68
h 6 11 146
h 6 16 125
h 7 10 37
h 7 21 132
h 7 29 101
h 8 3 107
h 8 4 68
h 8 19 40
h 9 6 68
h 9 11 98
h 10 7 37
h 10 12 45
h 10 29 63
h 11 6 146
h 11 9 98
h 11 13 25
h 11 16 80
h 12 10 45
h 13 11 25
h 15 16 161
h 15 21 32
h 16 6 125
h 16 11 80
h 16 15 161
h 17 24 108
h 17 29 123
h 18 1 187
h 18 25 131
h 19 3 135
h 19 4 197
h 19 8 40
h 20 28 150
h 21 7 132
h 21 15 32
h 24 2 44
h 24 17 108
h 24 25 29
h 24 29 28
h 25 1 175
h 25 2 78
h 25 18 131
h 25 24 29
h 26 5 198
h 27 3 81
h 28 20 150
h 29 7 101
h 29 10 63
h 29 17 123
h 29 24 28
