h 30 15 59.8111
r 1 59.8111
r 2 59.8111
r 3 59.8111
r 4 59.8111
r 5 59.8111
r 6 59.8111
r 7 59.8111
r 8 59.8111
r 9 59.8111
r 10 59.8111
r 11 59.8111
r 12 59.8111
r 13 59.8111
r 14 59.8111
r 15 59.8111
t 1 18.598268
t 2 7.175851
t 3 44.445235
t 4 35.996603
t 5 38.580727
t 6 42.754430
t 7 21.734056
t 8 47.446394
t 9 17.835295
t 10 5.712631
t 11 18.912260
t 12 17.802384
t 13 27.615542
t 14 15.971727
t 15 16.429125
t 16 35.147499
t 17 18.732354
t 18 28.253516
t 19 45.823596
t 20 18.098201
t 21 5.838859
t 22 48.406290
t 23 46.853594
t 24 38.396812
t 25 5.625441
t 26 21.766931
t 27 28.399236
t 28 24.755196
t 29 17.905808
t 30 20.370861
h 1 29 62
h 2 9 84
h 2 13 137
h 2 19 114
h 2 23 178
h 2 27 8
h 3 10 9
h 3 21 165
h 3 25 155
h 5 7 178
h 6 26 181
h 7 5 178
h 9 2 84
h 9 22 53
h 9 27 181
h 10 3 9
h 10 21 60
h 10 25 140
h 12 14 164
h 12 24 106
h 13 2 137
h 13 18 49
h 13 19 161
h 13 20 150
h 13 23 144
h 14 12 164
h 14 24 95
h 15 16 167
h 16 15 167
h 17 18 192
h 17 19 117
h 17 20 11
h 18 13 49
h 18 17 192
h 18 19 152
h 18 20 79
h 19 2 114
h 19 13 161
h 19 17 117
h 19 18 152
h 19 20 120
h 19 23 65
h 20 13 150
h 20 17 11
h 20 18 79
h 20 19 120
h 21 3 165
h 21 10 60
h 21 25 141
h 22 9 53
h 23 2 178
h 23 13 144
h 23 19 65
h 24 12 106
h 24 14 95
h 25 3 155
h 25 10 140
h 25 21 141
h 26 6 181
h 27 2 8
h 27 9 181
h 29 1 62
