h 40 15 82.2905
r 1 82.2905
r 2 82.2905
r 3 82.2905
r 4 82.2905
r 5 82.2905
r 6 82.2905
r 7 82.2905
r 8 82.2905
r 9 82.2905
r 10 82.2905
r 11 82.2905
r 12 82.2905
r 13 82.2905
r 14 82.2905
r 15 82.2905
t 1 31.373535
t 2 32.739418
t 3 19.791510
t 4 31.760052
t 5 13.580763
t 6 31.827843
t 7 15.269224
t 8 18.809307
t 9 34.586021
t 10 31.992215
t 11 10.155856
t 12 36.036189
t 13 46.007827
t 14 6.423896
t 15 21.875103
t 16 38.421483
t 17 43.539809
t 18 14.038332
t 19 46.798343
t 20 11.659330
t 21 26.213762
t 22 33.624453
t 23 5.323285
t 24 40.721677
t 25 49.285845
t 26 24.151325
t 27 32.943160
t 28 7.724203
t 29 42.847894
t 30 16.451889
t 31 45.733584
t 32 38.103053
t 33 22.268655
t 34 15.395578
t 35 7.119919
t 36 46.520569
t 37 14.797666
t 38 7.786003
t 39 42.741588
t 40 21.346252
h 1 18 187
h 1 25 175
h 1 34 157
h 1 40 126
h 2 24 44
h 2 25 78
h 2 39 34
h 2 40 139
h 3 4 135
h 3 8 107
h 3 19 135
h 3 27 81
h 3 35 156
h 4 3 135
h 4 8 68
h 4 19 197
h 4 35 8
h 5 26 198
h 6 9 68
h 6 11 146
h 6 16 125
h 6 32 17
h 7 10 37
h 7 21 132
h 7 29 101
h 7 32 54
h 7 36 140
h 7 37 103
h 8 3 107
h 8 4 68
h 8 19 40
h 8 35 124
h 9 6 68
h 9 11 98
h 10 7 37
h 10 12 45
h 10 29 63
h 10 36 59
h 10 37 179
h 11 6 146
h 11 9 98
h 11 13 25
h 11 16 80
h 12 10 45
h 12 38 141
h 13 11 25
h 15 16 161
h 15 21 32
h 16 6 125
h 16 11 80
h 16 15 161
h 17 24 108
h 17 29 123
h 17 33 99
h 17 39 131
h 18 1 187
h 18 25 131
h 18 34 181
h 18 40 76
h 19 3 135
h 19 4 197
h 19 8 40
h 20 28 150
h 20 33 70
h 21 7 132
h 21 15 32
h 21 32 21
h 21 36 10
h 23 31 150
h 24 2 44
h 24 17 108
h 24 25 29
h 24 29 28
h 24 34 43
h 24 40 115
h 25 1 175
h 25 2 78
h 25 18 131
h 25 24 29
h 25 34 106
h 25 40 179
h 26 5 198
h 27 3 81
h 27 35 135
h 28 20 150
h 29 7 101
h 29 10 63
h 29 17 123
h 29 24 28
h 29 37 44
h 30 32 185
h 30 36 116
h 31 23 150
h 32 6 17
h 32 7 54
h 32 21 21
h 32 30 185
h 32 36 140
h 33 17 99
h 33 20 70
h 33 39 151
h 34 1 157
h 34 18 181
h 34 24 43
h 34 25 106
h 34 40 85
h 35 3 156
h 35 4 8
h 35 8 124
h 35 27 135
h 36 7 140
h 36 10 59
h 36 21 10
h 36 30 116
h 36 32 140
h 36 37 146
h 37 7 103
h 37 10 179
h 37 29 44
h 37 36 146
h 38 12 141
h 39 2 34
h 39 17 131
h 39 33 151
h 40 1 126
h 40 2 139
h 40 18 76
h 40 24 115
h 40 25 179
h 40 34 85
