h 40 15 82.5795
r 1 82.5795
r 2 82.5795
r 3 82.5795
r 4 82.5795
r 5 82.5795
r 6 82.5795
r 7 82.5795
r 8 82.5795
r 9 82.5795
r 10 82.5795
r 11 82.5795
r 12 82.5795
r 13 82.5795
r 14 82.5795
r 15 82.5795
t 1 18.598268
t 2 7.175851
t 3 44.445235
t 4 35.996603
t 5 38.580727
t 6 42.754430
t 7 21.734056
t 8 47.446394
t 9 17.835295
t 10 5.712631
t 11 18.912260
t 12 17.802384
t 13 27.615542
t 14 15.971727
t 15 16.429125
t 16 35.147499
t 17 18.732354
t 18 28.253516
t 19 45.823596
t 20 18.098201
t 21 5.838859
t 22 48.406290
t 23 46.853594
t 24 38.396812
t 25 5.625441
t 26 21.766931
t 27 28.399236
t 28 24.755196
t 29 17.905808
t 30 20.370861
t 31 28.864393
t 32 38.523865
t 33 30.437253
t 34 10.206192
t 35 49.178658
t 36 9.206432
t 37 36.527208
t 38 12.114684
t 39 42.104353
t 40 40.675693
h 1 29 62
h 1 31 167
h 2 9 84
h 2 13 137
h 2 19 114
h 2 23 178
h 2 27 8
h 2 40 151
h 3 10 9
h 3 21 165
h 3 25 155
h 5 7 178
h 5 37 163
h 6 26 181
h 6 34 168
h 6 35 88
h 7 5 178
h 7 37 194
h 9 2 84
h 9 22 53
h 9 27 181
h 10 3 9
h 10 21 60
h 10 25 140
h 11 38 29
h 12 14 164
h 12 24 106
h 13 2 137
h 13 18 49
h 13 19 161
h 13 20 150
h 13 23 144
h 13 40 100
h 14 12 164
h 14 24 95
h 15 16 167
h 15 32 194
h 15 39 81
h 16 15 167
h 16 32 162
h 17 18 192
h 17 19 117
h 17 20 11
h 17 36 122
h 18 13 49
h 18 17 192
h 18 19 152
h 18 20 79
h 18 36 73
h 19 2 114
h 19 13 161
h 19 17 117
h 19 18 152
h 19 20 120
h 19 23 65
h 20 13 150
h 20 17 11
h 20 18 79
h 20 19 120
h 21 3 165
h 21 10 60
h 21 25 141
h 22 9 53
h 22 31 25
h 23 2 178
h 23 13 144
h 23 19 65
h 23 40 191
h 24 12 106
h 24 14 95
h 25 3 155
h 25 10 140
h 25 21 141
h 26 6 181
h 26 34 152
h 27 2 8
h 27 9 181
h 29 1 62
h 29 33 159
h 29 39 9
h 31 1 167
h 31 22 25
h 32 15 194
h 32 16 162
h 32 39 87
h 33 29 159
h 33 39 100
h 34 6 168
h 34 26 152
h 34 35 71
h 35 6 88
h 35 34 71
h 36 17 122
h 36 18 73
h 37 5 163
h 37 7 194
h 38 11 29
h 39 15 81
h 39 29 9
h 39 32 87
h 39 33 100
h 40 2 151
h 40 13 100
h 40 23 191
