h 40 5 264.011
r 1 264.011
r 2 264.011
r 3 264.011
r 4 264.011
r 5 264.011
t 1 46.623900
t 2 21.059077
t 3 46.619161
t 4 16.688991
t 5 21.908140
t 6 13.847621
t 7 16.849207
t 8 27.924765
t 9 24.902412
t 10 6.379864
t 11 36.422466
t 12 28.666272
t 13 33.812852
t 14 49.791003
t 15 30.728107
t 16 24.558638
t 17 16.855931
t 18 45.478758
t 19 10.666748
t 20 30.232255
t 21 12.160431
t 22 33.768548
t 23 21.903036
t 24 8.396063
t 25 15.709806
t 26 39.884155
t 27 39.990165
t 28 39.096735
t 29 6.564119
t 30 41.156641
t 31 47.834585
t 32 47.495291
t 33 19.294404
t 34 43.878018
t 35 47.879266
t 36 8.878559
t 37 23.631603
t 38 23.187601
t 39 43.674468
t 40 42.908850
h 1 2 72
h 2 1 72
h 2 9 25
h 2 36 180
h 3 13 114
h 3 22 107
h 4 20 104
h 4 26 160
h 4 28 148
h 5 11 53
h 6 31 168
h 6 35 88
h 6 37 197
h 6 39 27
h 7 12 82
h 7 16 93
h 7 17 187
h 7 19 26
h 8 24 19
h 8 34 140
h 9 2 25
h 9 14 7
h 9 30 182
h 11 5 53
h 12 7 82
h 12 16 113
h 12 17 133
h 12 19 192
h 13 3 114
h 13 22 176
h 14 9 7
h 14 16 56
h 14 30 19
h 15 33 120
h 15 40 70
h 16 7 93
h 16 12 113
h 16 14 56
h 16 17 84
h 16 19 62
h 17 7 187
h 17 12 133
h 17 16 84
h 17 19 95
h 18 32 187
h 19 7 26
h 19 12 192
h 19 16 62
h 19 17 95
h 20 4 104
h 20 27 149
h 20 28 148
h 21 25 197
h 21 35 100
h 21 39 145
h 22 3 107
h 22 13 176
h 23 24 33
h 24 8 19
h 24 23 33
h 24 32 38
h 24 34 145
h 25 21 197
h 25 35 71
h 25 39 123
h 26 4 160
h 26 28 124
h 26 29 6
h 27 20 149
h 27 28 12
h 27 40 10
h 28 4 148
h 28 20 148
h 28 26 124
h 28 27 12
h 28 29 19
h 29 26 6
h 29 28 19
h 30 9 182
h 30 14 19
h 31 6 168
h 31 33 81
h 31 35 141
h 31 37 152
h 31 39 96
h 32 18 187
h 32 24 38
h 33 15 120
h 33 31 81
h 33 40 139
h 34 8 140
h 34 24 145
h 35 6 88
h 35 21 100
h 35 25 71
h 35 31 141
h 35 37 51
h 35 39 193
h 36 2 180
h 37 6 197
h 37 31 152
h 37 35 51
h 39 6 27
h 39 21 145
h 39 25 123
h 39 31 96
h 39 35 193
h 40 15 70
h 40 27 10
h 40 33 139
