h 40 10 98.7058
r 1 98.7058
r 2 98.7058
r 3 98.7058
r 4 98.7058
r 5 98.7058
r 6 98.7058
r 7 98.7058
r 8 98.7058
r 9 98.7058
r 10 98.7058
t 1 6.064208
t 2 39.051830
t 3 24.423211
t 4 38.859977
t 5 29.003424
t 6 21.497098
t 7 14.040519
t 8 18.242239
t 9 26.215325
t 10 24.842294
t 11 36.347462
t 12 14.331416
t 13 32.572945
t 14 29.687092
t 15 10.502677
t 16 41.557405
t 17 10.712155
t 18 10.339777
t 19 10.336858
t 20 38.824320
t 21 7.636693
t 22 7.934222
t 23 5.260590
t 24 26.446882
t 25 26.347257
t 26 29.616826
t 27 16.565674
t 28 41.542205
t 29 15.941355
t 30 38.255874
t 31 13.833383
t 32 31.757939
t 33 9.300658
t 34 7.862666
t 35 8.395859
t 36 36.059260
t 37 13.130032
t 38 20.515105
t 39 19.974378
t 40 6.598475
h 1 18 138
h 1 25 182
h 2 7 68
h 2 22 62
h 2 26 177
h 3 28 171
h 3 34 7
h 4 9 33
h 4 34 60
h 4 35 187
h 4 36 156
h 4 37 7
h 5 13 81
h 5 15 192
h 5 19 144
h 5 27 159
h 5 29 126
h 5 32 141
h 5 33 176
h 6 8 54
h 6 12 191
h 6 20 157
h 6 30 50
h 6 38 89
h 7 2 68
h 7 22 182
h 8 6 54
h 8 10 63
h 8 12 116
h 8 17 145
h 8 20 13
h 8 30 185
h 8 38 141
h 9 4 33
h 9 34 174
h 9 37 191
h 10 8 63
h 10 17 175
h 10 21 105
h 10 30 118
h 10 37 27
h 11 21 7
h 11 24 43
h 11 39 192
h 12 6 191
h 12 8 116
h 12 20 150
h 12 30 110
h 12 38 127
h 13 5 81
h 13 15 134
h 13 27 178
h 13 31 137
h 13 33 162
h 14 19 87
h 14 32 69
h 15 5 192
h 15 13 134
h 15 19 115
h 15 27 186
h 15 29 74
h 15 32 107
h 15 33 195
h 17 8 145
h 17 10 175
h 17 21 52
h 17 30 164
h 18 1 138
h 18 25 186
h 19 5 144
h 19 14 87
h 19 15 115
h 19 27 44
h 19 29 172
h 19 32 199
h 19 33 89
h 20 6 157
h 20 8 13
h 20 12 150
h 20 30 59
h 21 10 105
h 21 11 7
h 21 17 52
h 21 39 58
h 22 2 62
h 22 7 182
h 24 11 43
h 25 1 182
h 25 18 186
h 26 2 177
h 27 5 159
h 27 13 178
h 27 15 186
h 27 19 44
h 27 31 64
h 27 32 30
h 27 33 196
h 28 3 171
h 28 31 57
h 28 36 51
h 29 5 126
h 29 15 74
h 29 19 172
h 29 32 181
h 29 33 29
h 30 6 50
h 30 8 185
h 30 10 118
h 30 12 110
h 30 17 164
h 30 20 59
h 30 38 79
h 31 13 137
h 31 27 64
h 31 28 57
h 31 33 50
h 32 5 141
h 32 14 69
h 32 15 107
h 32 19 199
h 32 27 30
h 32 29 181
h 32 33 77
h 33 5 176
h 33 13 162
h 33 15 195
h 33 19 89
h 33 27 196
h 33 29 29
h 33 31 50
h 33 32 77
h 34 3 7
h 34 4 60
h 34 9 174
h 34 36 81
h 34 37 136
h 35 4 187
h 35 36 111
h 36 4 156
h 36 28 51
h 36 34 81
h 36 35 111
h 37 4 7
h 37 9 191
h 37 10 27
h 37 34 136
h 38 6 89
h 38 8 141
h 38 12 127
h 38 30 79
h 39 11 192
h 39 21 58
